// !_XQkNt.txt — 320x200, 2 bits per pixel (4 levels)
// palette: 0=#000000  1=#55FFFF  2=#FF55FF  3=#FFFFFF
// dither: bayer4 · match: oklab
// each digit is the palette index of one pixel, left to right, top to bottom

13131313131313131313131313131313131313131313131313131313131313131313131313131313131313131313131313131313131313131313131313131313131313131313131313131313131313131313131313131313131313131313131313131313131313131313131313131313131313131313131313131313131313131313131313131313131313131313131313131313131313131313131313131313
31333133313331333133313331333133313331333133313331333133313331333133313331333133313331333133313331333133313331333133313331333133313331333133313331333133313331333133313331333133313331333133313331333133313331333133313331333133313331333133313331333133313331333133313331333133313331333133313331333133313331333133313331333133
13131313131313131313131313131313131313131313131313131313131313131313131313131313131313131313131313131313131313131313131313131313131313131313131313131313131313131313131313131313131313131313131313131313131313131313131313131313131313131313131313131313131313131313131313131313131313131313131313131313131313131313131313131313
33333333333333333333333333333333333333333333333333333333333333333333333333333333333333333333333333333333333333333333333333333333333333333333333333333333333333333333333333333333333333333333333333333333333333333333333333333333333333333333333333333333333333333333333333333333333333333333333333333333333333333333333333333333
13131313131313131313131313131313131313131313131313131313131313131313131313131313131313131313131313131313131313131313131313131313131313131313111212020202020000000002020202022212111313131313131313131313131313131313131313131313131313131313131313131313131313131313131313131313131313131313131313131313131313131313131313131313
31333133313331333133313331333133313331333133313331333133313331333133313331333133313331333133313331333133313331333133313331333133312122222020000000000000000000000000000000000000002020222221313331333133313331333133313331333133313331333133313331333133313331333133313331333133313331333133313331333133313331333133313331333133
13131313131313131313131313131313131313131313131313131313131313131313131313131313131313131313131313131313131313131313131313111200000000000000000202022212221113111312121222220200000000000000000222131313131313131313131313131313131313131313131313131313131313131313131313131313131313131313131313131313131313131313131313131313
33333333333333333333333333333333333333333333333333333333333333333333333333333333333333333333333333333333333333333331322220200000002022213131313131313131313133313331313131313131313131222220200000002022213133333333333333333333333333333333333333333333333333333333333333333333333333333333333333333333333333333333333333333333
13131313131313131313131313131313131313131313131313131313131313131313131313131313131313131313131313131313131313131200000000000211111313131313131313131313131313131313131313131313131313131113111202000000000202131313131313131313131313131313131313131313131313131313131313131313131313131313131313131313131313131313131313131313
31333133313331333133313331333133313331333133313331333133313331333133313331333133313331333133313331333133313122200000002221313131313131313131313131313131313131313131313131313131313131313131313131312222200000002221313331333133313331333133313331333133313331333133313331333133313331333133313331333133313331333133313331333133
13131313131313131313131313131313131313131313131313131313131313131313131313131313131313131313131313131312220000000211131313131313131313131313131313131313131313131313131313131313131313131313131313131313121202000000021113131313131313131313131313131313131313131313131313131313131313131313131313131313131313131313131313131313
33333333333333333333333333333333333333333333333333333333333333333333333333333333333333333333333333312220000022213131333133313331333133313331333133313331333133313331333133313331333133313331333133313331333131222220000022213333333333333333333333333333333333333333333333333333333333333333333333333333333333333333333333333333
13131313131313131313131313131313131313131313131313131313131313131313131313131313131313131313131312000000021113131313131313131313131313131313131313131313131313131313131313131313131313131313131313131313131313131112020000000213131313131313131313131313131313131313131313131313131313131313131313131313131313131313131313131313
31333133313331333133313331333133313331333133313331333133313331333133313331333133313331333131312000002231313131313131313131313131313131313131313131313131313131313131313131313131313131313131313131313131313131313131313220200022213331333133313331333133313331333133313331333133313331333133313331333133313331333133313331333133
13131313131313131313131313131313131313131313131313131313131313131313131313131313131313131312000002111313131313131313131313131313131313131313131313131313131313131313131313131313131313131313131313131313131313131313131313120000000213131313131313131313131313131313131313131313131313131313131313131313131313131313131313131313
33333333333333333333333333333333333333333333333333333333333333333333333333333333333333322000002131313331333133313331333133313331333133313331333133313331333133313331333133313331333133313331333133313331333133313331333133313120200000213333333333333333333333333333333333333333333333333333333333333333333333333333333333333333
13131313131313131313131313131313131313131313131313131313131313131313131313131313131312000002111313131313131313131313131313131313131313131313131313131313131313131313131313131313131313131313131313131313131313131313131313131313120200000213131313131313131313131313131313131313131313131313131313131313131313131313131313131313
31333133313331333133313331333133313331333133313331333133313331333133313331333133312000002131313131313131313131313131313131313131313131313131313131313131313131313131313131313131313131313131313131313131313131313131313131313131313120200022313331333133313331333133313331333133313331333133313331333133313331333133313331333133
13131313131313131313131313131313131313131313131313131313131313131313131313131311000002111313131313131313131313131313131313131313131313131313131313131313131313131313131313131313131313131313131313131313131313131313131313131313131313120000021313131313131313131313131313131313131313131313131313131313131313131313131313131313
33333333333333333333333333333333333333333333333333333333333333333333333333313220002231313331333133313331333133313331333133313331333133313331333133313331333133313331333133313331333133313331333133313331333133313331333133313331333133313120000021313333333333333333333333333333333333333333333333333333333333333333333333333333
13131313131313131313131313131313131313131313131313131313131313131313131313120000011313131313131313131313131313131313131313131313131313131313131313131313131313131313131313131313131313131313131313131313131313131313131313131313131313131313120000021313131313131313131313131313131313131313131313131313131313131313131313131313
31333133313331333133313331333133313331333133313331333133313331333133313132000021313131313131313131313131313131313131313131313131313131313131313131313131313131313131313131313131313131313131313131313131313131313131313131313131313131313131313220002133313331333133313331333133313331333133313331333133313331333133313331333133
13131313131313131313131313131313131313131313131313131313131313131313131200001313131313131313131313131313131313131313131313131313131313131313131313131313131313131313131313131313131313131313131313131313131313131313131313131313131313131313131312000002131313131313131313131313131313131313131313131313131313131313131313131313
33333333333333333333333333333333333333333333333333333333333333333331200000213331333133313331333133313331333133313331333133313331333133313331333133313331333133313331333133313331333133313331333133313331333133313331333133313331333133313331333133322000223133333333333333333333333333333333333333333333333333333333333333333333
13131313131313131313131313131313131313131313131313131313131313131312000211131313131313131313131313131313131313131313131313131313131313131313131313131313131313131313131313131313131313131313131313131313131313131313131313131313131313131313131313131200000213131313131313131313131313131313131313131313131313131313131313131313
31333133313331333133313331333133313331333133313331333133313331312000003131313131313131313131313131313131313131313131313131313131313131313131313131313131313131313131313131313131313131313131313131313131313131313131313131313131313131313131313131313132200002333133313331333133313331333133313331333133313331333133313331333133
13131313131313131313131313131313131313131313131313131313131313120002131313131313131313131313131313131313131313131313131313131313131313131313131313131313131313131313131313131313131313131313131313131313131313131313131313131313131313131313131313131313120000021313131313131313131313131313131313131313131313131313131313131313
33333333333333333333333333333333333333333333333333333333333332000031333133313331333133313331333133313331333133313331333133313331333133313331333133313331333133313331333133313331333133313331333133313331333133313331333133313331333133313331333133313331313120002233333333333333333333333333333333333333333333333333333333333333
13131313131313131313131313131313131313131313131313131313131200001113131313131313131313131313131313131313131313131313131313131313131313131313131313131313131313131313131313131313131313131313131313131313131313131313131313131313131313131313131313131313131312000003131313131313131313131313131313131313131313131313131313131313
31333133313331333133313331333133313331333133313331333133312000213131313131313131313131313131313131313131313131313131313131313131313131313131313131313131313131313131313131313131313131313131313131313131313131313131313131313131313131313131313131313131313131320000213331333133313331333133313331333133313331333133313331333133
13131313131313131313131313131313131313131313131313131311000003131313131313131313131313131313131313131313131313131313131313131313131313131313131313131313131313131313131313131313131313131313131313131313131313131313131313131313131313131313131313131313131313131200001313131313131313131313131313131313131313131313131313131313
33333333333333333333333333333333333333333333333333333120002133313331333133313331333133313331333133313331333133313331333133313331333133313331333133313331333133313331333133313331333133313331333133313331333133313331333133313331333133313331333133313331333133313120000033333333333333333333333333333333333333333333333333333333
13131313131313131313131313131313131313131313131313131000021313131313131313131313131313131313131313131313131313131313131313131313131313131313131313131313131313131313131313131313131313131313131313131313131313131313131313131313131313131313131313131313131313131313100002131313131313131313131313131313131313131313131313131313
31333133313331333133313331333133313331333133313331320002313131313131313131313131313131313133313331333133313331333133313331333133313131313131313131313131313131313131313131313131313131313131313131313131313131313131313131313131313131313131313131313131313131313131312000213133313331333133313331333133313331333133313331333133
13131313131313131313131313131313131313131313131312000013131313131313131313131313131313131313131313131313131313131313131313131313131313131313131313131313131313131313131313131313131313131313131313131313131313131313131313131313131313131313131313131313131313131313131200002313131313131313131313131313131313131313131313131313
33333333333333333333333333333333333333333333333120002131333133313331333133313331333133313331333133313331333133313331333133313331333133313331333133313331333133313331333133313331333133313331333133313331333133313331333133313331333133313331333133313331333133313331333122000231333333333333333333333333333333333333333333333333
13131313131313131313131313131313131313131313131200021313131313131313131313131313131313131313131313131313131313131313131313131313131313131313131313131313131313131313131313131313131313131313131313131313131313131313131313131313131313131313131313131313131313131313131311220002131313131313131313131313131313131313131313131313
31333133313331333133313331333133313331333133322000313131313131313131313131313133313331333133313331333133313331333133313331333133313331333133313131313131313131313131313131313131313131313131313131313131313131313131313131313131313131313131313131313131313131313131313131322000213331333133313331333133313331333133313331333133
13131313131313131313131313131313131313131311000003131313131313131313131313131313131313131313131313131313131313131313131313131313131313131313131313131313131313131313131313131313131313131313131313131313131313131313131313131313131313131313131313131313131313131313131313131200021313131313131313131313131313131313131313131313
33333333333333333333333333333333333333333320002133313331333133313331333133313331333133313331333133313331333133313331333133313331333133313331333133313331333133313331333133313331333133313331333133313331333133313331333133313331333133313331333133313331333133313331333133313120000233333333333333333333333333333333333333333333
13131313131313131313131313131313131313131200021313131313131313131313131313131313131313131313131313131313131313131313131313131313131313131313131313131313131313131313131313131313131313131313131313131313131313131313131313131313131313131313131313131313131313131313131313131313000001131313131313131313131313131313131313131313
31333133313331333133313331333133313331312000213131313131313131313131313331333133313331333133313331333133313331333133313331333133313331333133313331313131313131313131313131313131313131313131313131313131313131313131313131313131313131313131313131313131313131313131313131313131322000333133313331333133313331333133313331333133
13131313131313131313131313131313131313120002131313131313131313131313131313131313131313131313131313131313131313131313131313131313131313131313131313131313131313131313131313131313131313131313131313131313131313131313131313131313131313131313131313131313131313131313131313131313132000011313131313131313131313131313131313131313
33333333333333333333333333333333333331200021333133313331333133313331333133313331333133313331333133313331333133313331333133313331333133313331333133313331333133313331333133313331333133313331333133313331333133313331333133313331333133313331333133313331333133313331333133313331333220002333333333333333333333333333333333333333
13131313131313131313131313131313131312000113131313131313131313131313131313131313131313131313131313131313131313131313131313131313131313131313131313131313131313131313131313131313131313131313131313131313131313131313131313131313131313131313131313131313131313131313131313131313131312000213131313131313131313131313131313131313
31333133313331333133313331333133313120023131313131313131313131313133313331333133313331333133313331333133313331333133313331333133313331333133313331333133313131313131313131313131313131313131313131313131313131313131313131313131313131313131313131313131313131313131313131313131313131200021313331333133313331333133313331333133
13131313131313131313131313131313132000011313131313131313131313131313131313131313131313131313131313131313131313131313131313131313131313131313131313131313131313131313131313131313131313131313131313131313131313131313131313131313131313131313131313131313131313131313131313131313131313120002131313131313131313131313131313131313
33333333333333333333333333333333322022313331333133313331333133313331333133313331333333333333333333333331312000002231333133313331333133313331333133313331333133313331333133313331333133313331333133313331333120000000313133313331333133313331333133313331333133313331333133313331333133312000213333333333333333333333333333333333
13131313131313131313131313131313100011131313131313131313131313131313131313131313131313131313131313131312000000000000131313131313131313131313131313131313131313131313131313131313131313131313131313131313110000000000000113131313131313131313131313131313131313131313131313131313131313131200021313131313131313131313131313131313
31333133313331333133313331333132002231313131313131313131313131333133313331333133313331333133313331333120000000000000003331333133313331333133313331333133313331313131313131313131313131313131313131313131200000000000000021313131313131313131313131313131313131313131313131313131313131313120002131333133313331333133313331333133
13131313131313131313131313131310001313131313131313131313131313131313131313131313131313131313131313132000000000000000000213131313131313131313131313131313131313131313131313131313131313131313131313131312000000000000000002131313131313131313131313131313131313131313131313131313131313131312000213131313131313131313131313131313
33333333333333333333333333333200223133313331333133313331333133313331333133333333333333333333333333312000000000000000000033313331333133313331333133313331333133313331333133313331333133313331333133313120000000000000000000213331333133313331333133313331333133313331333133313331333133313331200023333333333333333333333333333333
13131313131313131313131313131000011313131313131313131313131313131313131313131313131313131313131313100000000000000000000001131313131313131313131313131313131313131313131313131313131313131313131313131200000000000000000000021313131313131313131313131313131313131313131313131313131313131313120002131313131313131313131313131313
31333133313331333133313331310002313131313131313131313131313331333133313331333133313331333133313331200000000000000000000000313133313331333133313331333133313331333131313131313131313131313131313131312000000000000000000000002131313131313131313131313131313131313131313131313131313131313131312000213133313331333133313331333133
13131313131313131313131313100001131313131313131313131313131313131313131313131313131313131313131312000000000000000000000000031313131313131313131313131313131313131313131313131313131313131313131313120000000000000000000000000113131313131313131313131313131313131313131313131313131313131313131200021313131313131313131313131313
33333333333333333333333331200231333133313331333133313331333133313331333133333333333333333333333120000000000000000000000000013331333133313331333133313331333133313331333133313331333133313331333133300000000000000000000000000231333133313331333133313331333133313331333133313331333133313331333120002333333333333333333333333333
13131313131313131313131312000113131313131313131313131313131313131313131313131313131313131313131300000000000000000000000000021313131313131313131313131313131313131313131313131313131313131313131311100000000000000000000000000013131313131313131313131313131313131313131313131313131313131313131312000113131313131313131313131313
31333133313331333133313320003131313131313131313131313133313331333133313331333133313331333133313200000000000000000000000000002133313331333133313331333133313331333131313131313131313131313131313131200000000000000000000000000021313131313131313131313131313131313131313131313131313131313131313131200233313331333133313331333133
13131313131313131313131200021313131313131313131313131313131313131313131313131313131313131313131200000000000000000000000000000313131313131313131313131313131313131313131313131313131313131313131312000000000000000000000000000001131313131313131313131313131313131313131313131313131313131313131313200013131313131313131313131313
33333333333333333333333000213331333133313331333133313331333133313331333133333333333333333333333000000000000000000000000000002131333133313331333133313331333133313331333133313331333133313331333132000000000000000000000000000001333133313331333133313331333133313331333133313331333133313331333133320001333333333333333333333333
13131313131313131313112000131313131313131313131313131313131313131313131313131313131313131313131000000000000000000000000000000213131313131313131313131313131313131313131313131313131313131313131312000000000000000000000000000002131313131313131313131313131313131313131313131313131313131313131313120002131313131313131313131313
31333133313331333133320021313131313131313131313131313133313331333133313331333133313331333133312000000000000000000000000000000233313331333133313331333133313331333133313131313131313131313131313120000000000000000000000000000000113131313131313131313131313131313131313131313131313131313131313131312000213331333133313331333133
13131313131313131313120013131313131313131313131313131313131313131313131313131313131313131313130000000000000000000000000000000213131313131313131313131313131313131313131313131313131313131313131320000000000000000000000000000000131313131313131313131313131313131313131313131313131313131313131313131200021313131313131313131313
33333333333333333331200233313331333133313331333133313331333133313331333133333333333333333333312000000000000000000000000000000031333133313331333133313331333133313331333133313331333133313331333120000000000000000000000000000000213133313331333133313331333133313331333133313331333133313331333133313220002333333333333333333333
13131313131313131312000113131313131313131313131313131313131313131313131313131313131313131313120000000000000000000000000000000013131313131313131313131313131313131313131313131313131313131313131300000000000000000000000000000000031313131313131313131313131313131313131313131313131313131313131313131312000313131313131313131313
31333133313331333132002131313131313131313131313131313133313331333133313331333133313331333133320000000000000000000000000000000023313331333133313331333133313331333133313131313131313131313131313120000000000000000000000000000000213131313131313131313131313131313131313131313131313131313131313131313132002131333133313331333133
13131313131313131320021313131313131313131313131313131313131313131313131313131313131313131313120000000000000000000000000000000013131313131313131313131313131313131313131313131313131313131313131100000000000000000000000000000000031313131313131313131313131313131313131313131313131313131313131313131312000213131313131313131313
33333333333333333120023133313331333133313331333133313331333133313331333133313333333333333333320000000000000000000000000000000021333133313331333133313331333133313331333133313331333133313331333120000000000000000000000000000000213133313331333133313331333133313331333133313331333133313331333133313331200023333333333333333333
13131313131313131200011313131313131313131313131313131313131313131313131313131313131313131313120000000000000000000000000000000013131313131313131313131313131313131313131313131313131313131313131300000000000000000000000000000000011313131313131313131313131313131313131313131313131313131313131313131313100001131313131313131313
31333133313331332000213131313131313131313131313131313133313331333133313331333133313331333133320000000000000000000000000000000023313331333133313331333133313331333133313131313131313131313131313100000000000000000000000000000000213131313131313131313131313131313131313131313131313131313131313131313131322002333133313331333133
13131313131313132002131313131313131313131313131313131313131313131313131313131313131313131313120000000000000000000000000000000013131313131313131313131313131313131313131313131313131313131313131300000000000000000000000000000000031313131313131313131313131313131313131313131313131313131313131313131313130002131313131313131313
33333333333333312002333133313331333133313331333133313331333133313331333133313331333133313333312000000000000000000000000000000031333133313331333133313331333133313331333133313331333133313331333120000000000000000000000000000000213133313331333133313331333133313331333133313331333133313331333133313331332000213333333333333333
13131313131313120001131313131313131313131313131313131313131313131313131313131313131313131313110000000000000000000000000000000013131313131313131313131313131313131313131313131313131313131313131300000000000000000000000000000000031313131313131313131313131313131313131313131313131313131313131313131313131200031313131313131313
31333133313331300021313131313131313131313131313131313133313331333133313331333133313331333133312000000000000000000000000000000233313331333133313331333133313331333131313131313131313131313131313120000000000000000000000000000000213131313131313131313131313131313131313131313131313131313131313131313131313220223133313331333133
13131313131313100013131313131313131313131313131313131313131313131313131313131313131313131313132000000000000000000000000000000213131313131313131313131313131313131313131313131313131313131313131312000000000000000000000000000002131313131313131313131313131313131313131313131313131313131313131313131313131300021313131313131313
33333333333331200231333133313331333133313331333133313331333133313331333133313331333133313331333000000000000000000000000000002131333133313331333133313331333133313331333133313331333133313331333132000000000000000000000000000001333133313331333133313331333133313331333133313331333133313331333133313331333120003333333333333333
13131313131311000213131313131313131313131313131313131313131313131313131313131313131313131313131200000000000000000000000000000313131313131313131313131313131313131313131313131313131313131313131312000000000000000000000000000001131313131313131313131313131313131313131313131313131313131313131313131313131320001313131313131313
31333133313332002131313131313131313131313131313131313131313331333133313331333133313331333133313200000000000000000000000000002133313331333133313331333133313331333131313131313131313131313131313131200000000000000000000000000021313131313131313131313131313131313131313131313131313131313131313131313131313122002133313331333133
13131313131312002313131313131313131313131313131313131313131313131313131313131313131313131313131100000000000000000000000000021313131313131313131313131313131313131313131313131313131313131313131313000000000000000000000000000013131313131313131313131313131313131313131313131313131313131313131313131313131312000313131313131313
33333333333130002331333133313331333133313331333133313331333133313331333133313331333133313331333120000000000000000000000000013331333133313331333133313331333133313331333133313331333133313331333131300000000000000000000000000231333133313331333133313331333133313331333133313331333133313331333133313331333132200233333333333333
13131313131310021313131313131313131313131313131313131313131313131313131313131313131313131313131310000000000000000000000000031313131313131313131313131313131313131313131313131313131313131313131313120000000000000000000000000113131313131313131313131313131313131313131313131313131313131313131313131313131312000213131313131313
31333133313120023131313131313131313131313131313131313131313331333133313331333133313331333133313331200000000000000000000000213133313331333133313331333133313331313131313131313131313131313131313131312000000000000000000000002131313131313131313131313131313131313131313131313131313131313131313131313131313131200033313331333133
13131313131100021313131313131313131313131313131313131313131313131313131313131313131313131313131313000000000000000000000002131313131313131313131313131313131313131313131313131313131313131313131313131000000000000000000000021313131313131313131313131313131313131313131313131313131313131313131313131313131313220023131313131313
33333333333120213331333133313331333133313331333133313331333133313331333133313331333133313331333133320000000000000000000021313331333133313331333133313331333133313331333133313331333133313331333133313120000000000000000000213331333133313331333133313331333133313331333133313331333133313331333133313331333131200021333333333333
13131313131200031313131313131313131313131313131313131313131313131313131313131313131313131313131313130000000000000000000213131313131313131313131313131313131313131313131313131313131313131313131313131310000000000000000000131313131313131313131313131313131313131313131313131313131313131313131313131313131313120003131313131313
31333133313200213131313131313131313131313131313131313131313131333133313331333133313331333133313331313200000000000000002131333133313331333133313331333133313331313131313131313131313131313131313131313131200000000000000021313131313131313131313131313131313131313131313131313131313131313131313131313131313131320021313331333133
13131313131200031313131313131313131313131313131313131313131313131313131313131313131313131313131313131312000000000000021313131313131313131313131313131313131313131313131313131313131313131313131313131313120000000000000213131313131313131313131313131313131313131313131313131313131313131313131313131313131313120001131313131313
33333333333000213331333133313331333133313331333133313331333133313331333133313331333133313331333133313331222000000021333133313331333133313331333133313331333133313331333133313331333133313331333133313331313220000000223133313331333133313331333133313331333133313331333133313331333133313331333133313331333133322002333333333333
13131313131000131313131313131313131313131313131313131313131313131313131313131313131313131313131313131313131212221113131313131313131313131313131313131313131313131313131313131313131313131313131313131313131311120211131313131313131313131313131313131313131313131313131313131313131313131313131313131313131313120002131313131313
31333133312000313131313131313131313131313131313131313131313131313133313331333133313331333133313331333133313331333133313331333133313331333133313331333131313131313131313131313131313131313131313131313131313131313131313131313131313131313131313131313131313131313131313131313131313131313131313131313131313131322002313331333133
13131313130002131313131313131313131313131313131313131313131313131313131313131313131313131313131313131313131313131313131313131313131313131313131313131313131313131313131313131313131313131313131313131313131313131313131313131313131313131313131313131313131313131313131313131313131313131313131313131313131313122002131313131313
33333333312002313331333133313331333133313331333133313331333133313331333133313331333133313331333133313331333133313331333133313331333133313331333133313331333133313331333133313331333133313331333133313331333133313331333133313331333133313331333133313331333133313331333133313331333133313331333133313331333133312000233333333333
13131313130002131313131313131313131313131313131313131313131313131313131313131313131313131313131313131313131313131313131313131313131313131313131313131313131313131313131313131313131313131313131313131313131313131313131313131313131313131313131313131313131313131313131313131313131313131313131313131313131313132000131313131313
31333133312002313131313131313131313131313131313131313131313131313131313131333133313331333133313331333133313331333133313331333133313331333133313331313131313131313131313131313131313131313131313131313131313131313131313131313131313131313131313131313131313131313131313131313131313131313131313131313131313131312000213331333133
13131313130002131313131313131313131313131313131313131313131313131313131313131313131313131313131313131313131313131313131313131313131313131313131313131313131313131313131313131313131313131313131313131313131313131313131313131313131313131313131313131313131313131313131313131313131313131313131313131313131313132000131313131313
33333333312002313331333133313331333133313331333133313331333133313331333133313331333133313331333133313331333133313331333133313331333133313331333133313331333133313331333133313331333133313331333133313331333133313331333133313331333133313331333133313331333133313331333133313331333133313331333133313331333133312000233333333333
13131313110001131313131313131313131313131313131313131313131313131313131313131313131313131313131313131313131313131313131313131313131313131313131313131313131313131313131313131313131313131313131313131313131313131313131313131313131313131313131313131313131313131313131313131313131313131313131313131313131313131000131313131313
31333133310001313131313131313131313131313131313131313131313131313131313131313131313331333133313331333133313331333133313331333133313331333131313131313131313131313131313131313131313131313131313131313131313131313131313131313131313131313131313131313131313131313131313131313131313131313131313131313131313131313000213331333133
13131313130003131313131313131313131313131313131313131313131313131313131313131313131313131313131313131313131313131313131313131313131313131313131313131313131313131313131313131313131313131313131313131313131313131313131313131313131313131313131313131313131313131313131313131313131313131313131313131313131313131200231313131313
33333333310001313331333133313331333133313331333133313331333133313331333133313331333133313331333133313331333133313331333133313331333133313331333133313331333133313331333133313331333133313331333133313331333133313331333133313331333133313331333133313331333133313331333133313331333133313331333133313331333133313000233333333333
13131313110001131313131313131313131313131313131313131313131313131313131313131313131313131313131313131313131313131313131313131313131313131313131313131313131313131313131313131313131313131313131313131313131313131313131313131313131313131313131313131313131313131313131313131313131313131313131313131313131313131000231313131313
31333133312001313131313131313131313131313131313131313131313131313131313131313131313131313131313131333133313331333133313331313131313131313131313131313131313131313131313131313131313131313131313131313131313131313131313131313131313131313131313131313131313131313131313131313131313131313131313131313131313131312000213331333133
13131313130002131313131313131313131313131313131313131313131313131313131313131313131313131313131313131313131313131313131313131313131313131313131313131313131313131313131313131313131313131313131313131313131313131313131313131313131313131313131313131313131313131313131313131313131313131313131313131313131313132000131313131313
33333333312002313331333133313331333133313331333133313331333133313331333133313331333133313331333133313331333133313331333133313331333133313331333133313331333133313331333133313331333133313331333133313331333133313331333133313331333133313331333133313331333133313331333133313331333133313331333133313331333133312000233333333333
13131313130002131313131313131313131313131313131313131313131313131313131313131313131313131313131313131313131313131313131313131313131313131313131313131313131313131313131313131313131313131313131313131313131313131313131313131313131313131313131313131313131313131313131313131313131313131313131313131313131313132000131313131313
31333133312002313131313131313131313131313131313131313131313131313131313131313131313131313131313131313131313131313131313131313131313131313131313131313131313131313131313131313131313131313131313131313131313131313131313131313131313131313131313131313131313131313131313131313131313131313131313131313131313131312000213331333133
13131313130002131313131313131313131313131313131313131313131313131313131313131313131313131313131313131313131313131313131313131313131313131313131313131313131313131313131313131313131313131313131313131313131313131313131313131313131313131313131313131313131313131313131313131313131313131313131313131313131313122000131313131313
33333333312002313331333133313331333133313331333133313331333133313331333133313331333133313331333133313331333133313331333133313331333133313331333133313331333133313331333133313331333133313331333133313331333133313331333133313331333133313331333133313331333133313331333133313331333133313331333133313331333133312000333333333333
13131313132002131313131313131313131313131313131313131313131313131313131313131313131313131313131313131313131313131313131313131313131313131313131313131313131313131313131313131313131313131313131313131313131313131313131313131313131313131313131313131313131313131313131313131313131313131313131313131313131313120002131313131313
31333133312000213131313131313131313131313131313131313131313131313131313131313131313131313131313131313131313131313131313131313131313131313131313131313131313131313131313131313131313131313131313131313131313131313131313131313131313131313131313131313131313131313131313131313131313131313131313131313131313131322002313331333133
13131313131200231313131313131313131313131313131313131313131313131313131313131313131313131313131313131313131313131313131313131313131313131313131313131313131313131313131313131313131313131313131313131313131313131313131313131313131313131313131313131313131313131313131313131313131313131313131313131313131313120002131313131313
33333333333200213331333133313331333133313331333133313331333133313331333133313331333133313331333133313331333133313331333133313331333133313331333133313331333133313331333133313331333133313331333133313331333133313331333133313331333133313331333133313331333133313331333133313331333133313331333133313331333133320021333333333333
13131313131200031313131313131313131313131313131313131313131313131313131313131313131313131313131313131313131313131313131313131313131313131313131313131313131313131313131313131313131313131313131313131313131313131313131313131313131313131313131313131313131313131313131313131313131313131313131313131313131313120003131313131313
31333133313200213131313131313131313131313131313131313131313131313131313131313131313131313131313131313131313131313131313131313131313131313131313131313131313131313131313131313131313131313131313131313131313131313131313131313131313131313131313131313131313131313131313131313131313131313131313131313131313131320021313331333133
13131313131200021313131313131313131313131313131313131313131313131313131313131313131313131313131313131313131313131313131313131313131313131313131313131313131313131313131313131313131313131313131313131313131313131313131313131313131313131313131313131313131313131313131313131313131313131313131313131313131313120003131313131313
33333333333120023331333133313331333133313331333133313331333133313331333133313331333133313331333133313331333133313331333133313331333133313331333133313331333133313331333133313331333133313331333133313331333133313331333133313331333133313331333133313331333133313331333133313331333133313331333133313331333131200021333333333333
13131313131300021313131313131313131313131313131313131313131313131313131313131313131313131313131313131313131313131313131313131313131313131313131313131313131313131313131313131313131313131313131313131313131313131313131313131313131313131313131313131313131313131313131313131313131313131313131313131313131312000213131313131313
31333133313120002131313131313131313131313131313131313131313131313131313131313131313131313131313131313131313131313131313131313131313131313131313131313131313131313131313131313131313131313131313131313131313131313131313131313131313131313131313131313131313131313131313131313131313131313131313131313131313131200233313331333133
13131313131310002313131313131313131313131313131313131313131313111313131313131313131313131313131313131313131313131313131313131313131313131313131313131313131313131313131313131313131313131313131313131313131313131313131313131313131313131313131313131313131313121313131313131313131313131313131313131313131312000213131313131313
33333333333330002131333133313331333133313331333133313331333132200231333133313331333133313331333133313331333133313331333133313331333133313331333133313331333133313331333133313331333133313331333133313331333133313331333133313331333133313331333133313331333120002231333133313331333133313331333133313331333132000133333333333333
13131313131312000213131313131313131313131313131313131313131200000001131313131313131313131313131313131313131313131313131313131313131313131313131313131313131313131313131313131313131313131313131313131313131313131313131313131313131313131313131313131313131200000002131313131313131313131313131313131313131312000113131313131313
31333133313331200231313131313131313131313131313131313131312000000000213131313131313131313131313131313131313131313131313131313131313131313131313131313131313131313131313131313131313131313131313131313131313131313131313131313131313131313131313131313131312000000000213131313131313131313131313131313131313120002133313331333133
13131313131313200213131313131313131313131313131313131313131000000000021313131313131313131313131313131313131313131313131313131313131313131313131313131313131313131313131313131313131313131313131313131313131313131313131313131313131313131313131313131313120000000002131313131313131313131313131313131313131300021313131313131313
33333333333333200031333133313331333133313331333133313331333120000000002133313331333133313331333133313331333133313331333133313331333133313331333133313331333133313331333133313331333133313331333133313331333133313331333133313331333133313331333133313331000000000021333133313331333133313331333133313331333120023333333333333333
13131313131313120023131313131313131313131313131313131313131312000000000011131313131313131313131313131313131313131313131313131313131313131313131313131313131313131313131313131313131313131313131313131313131313131313131313131313131313131313131313131100000000000213131313131313131313131313131313131313131200021313131313131313
31333133313331320021313131313131313131313131313131313131313131300000000000313131313131313131313131313131313131313131313131313131313131313131313131313131313131313131313131313131313131313131313131313131313131313131313131313131313131313131313131313000000000003131313131313131313131313131313131313131312200213133313331333133
13131313131313110002131313131313131313131313131313131313131313110000000000021313131313131313131313131313131313131313131313131313131313131313131313131313131313131313131313131313131313131313131313131313131313131313131313131313131313131313131313120000000000231313131313131313131313131313131313131313132000131313131313131313
33333333333333312000313133313331333133313331333133313331333133313100000000002131333133313331333133313331333133313331333133313331333133313331333133313331333133313331333133313331333133313331333133313331333133313331333133313331333133313331333131200000000021313331333133313331333133313331333133313331312000333333333333333333
13131313131313131000011313131313131313131313131313131313131313131312000000000003131313131313131313131313131313131313131313131313131313131313131313131313131313131313131313131313131313131313131313131313131313131313131313131313131313131313131310000000000213131313131313131313131313131313131313131313120002131313131313131313
31333133313331333200013131313131313131313131313131313131313131313131300000000000213131313131313131313131313131313131313131313131313131313131313131313131313131313131313131313131313131313131313131313131313131313131313131313131313131313131313200000000002131313131313131313131313131313131313131313131200021333133313331333133
13131313131313131300021313131313131313131313131313131313131313131313130000000000021313131313131313131313131313131313131313131313131313131313131313131313131313131313131313131313131313131313131313131313131313131313131313131313131313131313130000000000021313131313131313131313131313131313131313131313200013131313131313131313
33333333333333333320002133313331333133313331333133313331333133313331333120000000000231313331333133313331333133313331333133313331333133313331333133313331333133313331333133313331333133313331333133313331333133313331333133313331333133313331200000000002313133313331333133313331333133313331333133313332200233333333333333333333
13131313131313131312000313131313131313131313131313131313131313131313131312000000000002131313131313131313131313131313131313131313131313131313131313131313131313131313131313131313131313131313131313131313131313131313131313131313131313131312000000000013131313131313131313131313131313131313131313131312000313131313131313131313
31333133313331333131000231313131313131313131313131313131313131313131313131320000000000213131313131313131313131313131313131313131313131313131313131313131313131313131313131313131313131313131313131313131313131313131313131313131313131313000000000002131313131313131313131313131313131313131313131313120002331333133313331333133
13131313131313131313200213131313131313131313131313131313131313131313131313131000000000000113131313131313131313131313131313131313131313131313131313131313131313131313131313131313131313131313131313131313131313131313131313131313131313120000000000021313131313131313131313131313131313131313131313131200021313131313131313131313
33333333333333333331300021313331333133313331333133313331333133313331333133313120000000000021333133313331333133313331333133313331333133313331333133313331333133313331333133313331333133313331333133313331333133313331333133313331333131200000000002313331333133313331333133313331333133313331333133313200023333333333333333333333
13131313131313131313120002131313131313131313131313131313131313131313131313131311000000000000011313131313131313131313131313131313131313131313131313131313131313131313131313131313131313131313131313131313131313131313131313131313131100000000000211131313131313131313131313131313131313131313131313132000031313131313131313131313
31333133313331333133312000213131313131313131313131313131313131313131313131313131312000000000002131313131313131313131313131313131313131313131313131313131313131313131313131313131313131313131313131313131313131313131313131313131312000000000002131313131313131313131313131313131313131313131313131322002313331333133313331333133
13131313131313131313131200021313131313131313131313131313131313131313131313131313131100000000000001131313131313131313131313131313131313131313131313131313131313131313131313131313131313131313131313131313131313131313131313131311220000000000021313131313131313131313131313131313131313131313131313120002131313131313131313131313
33333333333333333333333120003331333133313331333133313331333133313331333133313331333131200000000000213131333133313331333133313331333133313331333133313331333133313331333133313331333133313331333133313331333133313331333133313120000000000021333133313331333133313331333133313331333133313331333131200021333333333333333333333333
13131313131313131313131310001113131313131313131313131313131313131313131313131313131313120000000000000213131313131313131313131313131313131313131313131313131313131313131313131313131313131313131313131313131313131313131313131000000000000213131313131313131313131313131313131313131313131313131312000213131313131313131313131313
31333133313331333133313332002231313131313131313131313131313131313131313131313131313131313120000000000022313131313131313131313131313131313131313131313131313131313131313131313131313131313131313131313131313131313131313131200000000000222131313131313131313131313131313131313131313131313131313120002133313331333133313331333133
13131313131313131313131313000213131313131313131313131313131313131313131313131313131313131312000000000000021113131313131313131313131313131313131313131313131313131313131313131313131313131313131313131313131313131313131122000000000002131313131313131313131313131313131313131313131313131313131220001313131313131313131313131313
33333333333333333333333333200021333133313331333133313331333133313331333133313331333133313331312000000000000021313331333133313331333133313331333133313331333133313331333133313331333133313331333133313331333133313331312000000000000031313331333133313331333133313331333133313331333133313331333220023333333333333333333333333333
13131313131313131313131313120002131313131313131313131313131313131313131313131313131313131313131100000000000000011113131313131313131313131313131313131313131313131313131313131313131313131313131313131313131313131312000000000000021313131313131313131313131313131313131313131313131313131313122000231313131313131313131313131313
31333133313331333133313331312000213131313131313131313131313131313131313131313131313131313131313131200000000000000031313131313131313131313131313131313131313131313131313131313131313131313131313131313131313131313220000000000000213131313131313131313131313131313131313131313131313131313131320002333133313331333133313331333133
13131313131313131313131313131200021313131313131313131313131313131313131313131313131313131313131313111200000000000000011313131313131313131313131313131313131313131313131313131313131313131313131313131313131313100000000000000213131313131313131313131313131313131313131313131313131313131312200023131313131313131313131313131313
33333333333333333333333333333320002133313331333133313331333133313331333133313331333133313331333133313130000000000000000031313331333133313331333133313331333133313331333133313331333133313331333133313331313120000000000000223131333133313331333133313331333133313331333133313331333133313332000233333333333333333333333333333333
13131313131313131313131313131312000213131313131313131313131313131313131313131313131313131313131313131313110000000000000000021113131313131313131313131313131313131313131313131313131313131313131313131311120000000000000001131313131313131313131313131313131313131313131313131313131313131220000313131313131313131313131313131313
31333133313331333133313331333133200021313131313131313131313131313131313131313131313131313131313131313131313120000000000000000021313131313131313131313131313131313131313131313131313131313131313131312220000000000000002131313131313131313131313131313131313131313131313131313131313131313220023331333133313331333133313331333133
13131313131313131313131313131313120002131313131313131313131313131313131313131313131313131313131313131313131313120000000000000000000213131313131313131313131313131313131313131313131313131313131312000000000000000002131313131313131313131313131313131313131313131313131313131313131313132000231313131313131313131313131313131313
33333333333333333333333333333333332000213331333133313331333133313331333133313331333133313331333133313331333133313120000000000000000000202131333133313331333133313331333133313331333133313131220000000000000000002231333133313331333133313331333133313331333133313331333133313331333133222002333333333333333333333333333333333333
13131313131313131313131313131313131200021313131313131313131313131313131313131313131313131313131313131313131313131313120000000000000000000000021113131313131313131313131313131313131311120000000000000000000000131313131313131313131313131313131313131313131313131313131313131313131312000023131313131313131313131313131313131313
31333133313331333133313331333133313330002231313131313131313131313131313131313131313131313131313131313131313131313131313122200000000000000000000000202221313131313131313131313122202000000000000000000000002231313131313131313131313131313131313131313131313131313131313131313131313120002233313331333133313331333133313331333133
13131313131313131313131313131313131313000003131313131313131313131313131313131313131313131313131313131313131313131313131313111200000000000000000000000000000000000000000000000000000000000000000000000002131313131313131313131313131313131313131313131313131313131313131313131313131200001313131313131313131313131313131313131313
33333333333333333333333333333333333333320002333133313331333133313331333133313331333133313331333133313331333133313331333133313131222000000000000000000000000000000000000000000000000000000000000000222131333133313331333133313331333133313331333133313331333133313331333133313331312000213333333333333333333333333333333333333333
13131313131313131313131313131313131313131000021313131313131313131313131313131313131313131313131313131313131313131313131313131313131311220000000000000000000000000000000000000000000000000000000211131313131313131313131313131313131313131313131313131313131313131313131313131313120002131313131313131313131313131313131313131313
31333133313331333133313331333133313331333220002131313131313131313131313131313131313131313131313131313131313131313131313131313131313131313132202000000000000000000000000000000000000000202221313131313131313131313131313131313131313131313131313131313131313131313131313131313132200021333133313331333133313331333133313331333133
13131313131313131313131313131313131313131310000213131313131313131313131313131313131313131313131313131313131313131313131313131313131313131313131111122200000000000000000000000002021213111313131313131313131313131313131313131313131313131313131313131313131313131313131313131320000213131313131313131313131313131313131313131313
33333333333333333333333333333333333333333331200022313331333133313331333133313331333133313331333133313331333133313331333133313331333133313331333133313131313131312121212121313131313133313331333133313331333133313331333133313331333133313331333133313331333133313331333133312200023133333333333333333333333333333333333333333333
13131313131313131313131313131313131313131313120000231313131313131313131313131313131313131313131313131313131313131313131313131313131313131313131313131313131313131313131313131313131313131313131313131313131313131313131313131313131313131313131313131313131313131313131313120000031313131313131313131313131313131313131313131313
31333133313331333133313331333133313331333133313200022131313131313131313131313131313131313131313131313131313131313131313131313131313131313131313131313131313131313131313131313131313131313131313131313131313131313131313131313131313131313131313131313131313131313131313131200022313331333133313331333133313331333133313331333133
13131313131313131313131313131313131313131313131322000213131313131313131313131313131313131313131313131313131313131313131313131313131313131313131313131313131313131313131313131313131313131313131313131313131313131313131313131313131313131313131313131313131313131313131322000213131313131313131313131313131313131313131313131313
33333333333333333333333333333333333333333333333331200021333133313331333133313331333133313331333133313331333133313331333133313331333133313331333133313331333133313331333133313331333133313331333133313331333133313331333133313331333133313331333133313331333133313331333220002333333333333333333333333333333333333333333333333333
13131313131313131313131313131313131313131313131313120002111313131313131313131313131313131313131313131313131313131313131313131313131313131313131313131313131313131313131313131313131313131313131313131313131313131313131313131313131313131313131313131313131313131313120000031313131313131313131313131313131313131313131313131313
31333133313331333133313331333133313331333133313331332000022131313131313131313131313131313131313131313131313131313131313131313131313131313131313131313131313131313131313131313131313131313131313131313131313131313131313131313131313131313131313131313131313131313132200022333133313331333133313331333133313331333133313331333133
13131313131313131313131313131313131313131313131313131320000213131313131313131313131313131313131313131313131313131313131313131313131313131313131313131313131313131313131313131313131313131313131313131313131313131313131313131313131313131313131313131313131313131220000213131313131313131313131313131313131313131313131313131313
33333333333333333333333333333333333333333333333333333331200022313331333133313331333133313331333133313331333133313331333133313331333133313331333133313331333133313331333133313331333133313331333133313331333133313331333133313331333133313331333133313331333133312200002133333333333333333333333333333333333333333333333333333333
13131313131313131313131313131313131313131313131313131313120000021313131313131313131313131313131313131313131313131313131313131313131313131313131313131313131313131313131313131313131313131313131313131313131313131313131313131313131313131313131313131313131313120000131313131313131313131313131313131313131313131313131313131313
31333133313331333133313331333133313331333133313331333133313220002131313131313131313131313131313131313131313131313131313131313131313131313131313131313131313131313131313131313131313131313131313131313131313131313131313131313131313131313131313131313131313122200021313331333133313331333133313331333133313331333133313331333133
13131313131313131313131313131313131313131313131313131313131312000222131313131313131313131313131313131313131313131313131313131313131313131313131313131313131313131313131313131313131313131313131313131313131313131313131313131313131313131313131313131313131200000213131313131313131313131313131313131313131313131313131313131313
33333333333333333333333333333333333333333333333333333333333333320000213133313331333133313331333133313331333133313331333133313331333133313331333133313331333133313331333133313331333133313331333133313331333133313331333133313331333133313331333133313331322000223333333333333333333333333333333333333333333333333333333333333333
13131313131313131313131313131313131313131313131313131313131313131000002213131313131313131313131313131313131313131313131313131313131313131313131313131313131313131313131313131313131313131313131313131313131313131313131313131313131313131313131313131312000002131313131313131313131313131313131313131313131313131313131313131313
31333133313331333133313331333133313331333133313331333133313331333120000021313131313131313131313131313131313131313131313131313131313131313131313131313131313131313131313131313131313131313131313131313131313131313131313131313131313131313131313131312220002231333133313331333133313331333133313331333133313331333133313331333133
13131313131313131313131313131313131313131313131313131313131313131313120000021313131313131313131313131313131313131313131313131313131313131313131313131313131313131313131313131313131313131313131313131313131313131313131313131313131313131313131313120000021313131313131313131313131313131313131313131313131313131313131313131313
33333333333333333333333333333333333333333333333333333333333333333333333200002231333133313331333133313331333133313331333133313331333133313331333133313331333133313331333133313331333133313331333133313331333133313331333133313331333133313331333122200022333333333333333333333333333333333333333333333333333333333333333333333333
13131313131313131313131313131313131313131313131313131313131313131313131312000002131313131313131313131313131313131313131313131313131313131313131313131313131313131313131313131313131313131313131313131313131313131313131313131313131313131313122200000213131313131313131313131313131313131313131313131313131313131313131313131313
31333133313331333133313331333133313331333133313331333133313331333133313331320000222131313131313131313131313131313131313131313131313131313131313131313131313131313131313131313131313131313131313131313131313131313131313131313131313131313131200000213133313331333133313331333133313331333133313331333133313331333133313331333133
13131313131313131313131313131313131313131313131313131313131313131313131313131200000223131313131313131313131313131313131313131313131313131313131313131313131313131313131313131313131313131313131313131313131313131313131313131313131313131200000023131313131313131313131313131313131313131313131313131313131313131313131313131313
33333333333333333333333333333333333333333333333333333333333333333333333333333331200000223331333133313331333133313331333133313331333133313331333133313331333133313331333133313331333133313331333133313331333133313331333133313331333131222000022133333333333333333333333333333333333333333333333333333333333333333333333333333333
13131313131313131313131313131313131313131313131313131313131313131313131313131313131200000213131313131313131313131313131313131313131313131313131313131313131313131313131313131313131313131313131313131313131313131313131313131313131222000002131313131313131313131313131313131313131313131313131313131313131313131313131313131313
31333133313331333133313331333133313331333133313331333133313331333133313331333133313132200020213131313131313131313131313131313131313131313131313131313131313131313131313131313131313131313131313131313131313131313131313131313131222000002133313331333133313331333133313331333133313331333133313331333133313331333133313331333133
13131313131313131313131313131313131313131313131313131313131313131313131313131313131313120000000223131313131313131313131313131313131313131313131313131313131313131313131313131313131313131313131313131313131313131313131313131202000002131313131313131313131313131313131313131313131313131313131313131313131313131313131313131313
33333333333333333333333333333333333333333333333333333333333333333333333333333333333333333122200000223131333133313331333133313331333133313331333133313331333133313331333133313331333133313331333133313331333133313331333132222000002231333333333333333333333333333333333333333333333333333333333333333333333333333333333333333333
13131313131313131313131313131313131313131313131313131313131313131313131313131313131313131313112200000222131313131313131313131313131313131313131313131313131313131313131313131313131313131313131313131313131313131313122200000002111313131313131313131313131313131313131313131313131313131313131313131313131313131313131313131313
31333133313331333133313331333133313331333133313331333133313331333133313331333133313331333133313132200000202221313131313131313131313131313131313131313131313131313131313131313131313131313131313131313131313131313122202000002133313331333133313331333133313331333133313331333133313331333133313331333133313331333133313331333133
13131313131313131313131313131313131313131313131313131313131313131313131313131313131313131313131313111200000002022313131313131313131313131313131313131313131313131313131313131313131313131313131313131313131312220200000002131313131313131313131313131313131313131313131313131313131313131313131313131313131313131313131313131313
33333333333333333333333333333333333333333333333333333333333333333333333333333333333333333333333333333331222000002022222133313331333133313331333133313331333133313331333133313331333133313331333133313331222220000000222133333333333333333333333333333333333333333333333333333333333333333333333333333333333333333333333333333333
13131313131313131313131313131313131313131313131313131313131313131313131313131313131313131313131313131313131312000000000202221213131313131313131313131313131313131313131313131313131313131313131312220202000000020213131313131313131313131313131313131313131313131313131313131313131313131313131313131313131313131313131313131313
31333133313331333133313331333133313331333133313331333133313331333133313331333133313331333133313331333133313331312220200000002022222221313131313131313131313131313131313131313131313131313122222220200000002221313133313331333133313331333133313331333133313331333133313331333133313331333133313331333133313331333133313331333133
13131313131313131313131313131313131313131313131313131313131313131313131313131313131313131313131313131313131313131313121202000000000002022222221212131313131313131313131313131212222222020200000000000222131313131313131313131313131313131313131313131313131313131313131313131313131313131313131313131313131313131313131313131313
33333333333333333333333333333333333333333333333333333333333333333333333333333333333333333333333333333333333333333333333333312220200000000000002020222222222222222222222222222020200000000000202222313333333333333333333333333333333333333333333333333333333333333333333333333333333333333333333333333333333333333333333333333333
13131313131313131313131313131313131313131313131313131313131313131313131313131313131313131313131313131313131313131313131313131313111312220000000000000000000000000000000000000000000202022213131313131313131313131313131313131313131313131313131313131313131313131313131313131313131313131313131313131313131313131313131313131313
31333133313331333133313331333133313331333133313331333133313331333133313331333133313331333133313331333133313331333133313331333133313331333131313122222222222020202020222222222121313331333133313331333133313331333133313331333133313331333133313331333133313331333133313331333133313331333133313331333133313331333133313331333133
13131313131313131313131313131313131313131313131313131313131313131313131313131313131313131313131313131313131313131313131313131313131313131313131313131313131313131313131313131313131313131313131313131313131313131313131313131313131313131313131313131313131313131313131313131313131313131313131313131313131313131313131313131313
33333333333333333333333333333333333333333333333333333333333333333333333333333333333333333333333333333333333333333333333333333333333333333333333333333333333333333333333333333333333333333333333333333333333333333333333333333333333333333333333333333333333333333333333333333333333333333333333333333333333333333333333333333333
13131313131313131313131313131313131313131313131313131313131313131313131313131313131313131313131313131313131313131313131313131313131313131313131313131313131313131313131313131313131313131313131313131313131313131313131313131313131313131313131313131313131313131313131313131313131313131313131313131313131313131313131313131313
31333133313331333133313331333133313331333133313331333133313331333133313331333133313331333133313331333133313331333133313331333133313331333133313331333133313331333133313331333133313331333133313331333133313331333133313331333133313331333133313331333133313331333133313331333133313331333133313331333133313331333133313331333133
13131313131313131313131313131313131313131313131313131313131313131313131313131313131313131313131313131313131313131313131313131313131313131313131313131313131313131313131313131313131313131313131313131313131313131313131313131313131313131313131313131313131313131313131313131313131313131313131313131313131313131313131313131313
33333333333333333333333333333333333333333333333333333333333333333333333333333333333333333333333333333333333333333333333333333333333333333333333333333333333333333333333333333333333333333333333333333333333333333333333333333333333333333333333333333333333333333333333333333333333333333333333333333333333333333333333333333333
