// demo-sunset.txt — 320x200, 2 bits per pixel (4 levels)
// palette: 0=#000000  1=#55FFFF  2=#FF55FF  3=#FFFFFF
// dither: bayer4 · match: oklab
// each digit is the palette index of one pixel, left to right, top to bottom

00000000000000000000000000000000000000000000000000000000000000000000000000000000000000000000000000000000000000000000000000000000000000000000000000000000000000000000000000000000000000000000000000000000000000000000000000000000000000000000000000000000000000000000000000000000000000000000000000000000000000000000000000000000
00000000000000000000000000000000000000000000000000000000000000000000000000000000000000000000000000000000000000000000000000000000000000000000000000000000000000000000000000000000000000000000000000000000000000000000000000000000000000000000000000000000000000000000000000000000000000000000000000000000000000000000000000000000
00000000000000000000000000000000000000000000000000000000000000000000000000000000000000000000000000000000000000000000000000000000000000000000000000000000000000000000000000000000000000000000000000000000000000000000000000000000000000000000000000000000000000000000000000000000000000000000000000000000000000000000000000000000
00000000000000000000000000000000000000000000000000000000000000000000000000000000000000000000000000000000000000000000000000000000000000000000000000000000000000000000000000000000000000000000000000000000000000000000000000000000000000000000000000000000000000000000000000000000000000000000000000000000000000000000000000000000
00000000000000000000000000000000000000000000000000000000000000000000000000000000000000000000000000000000000000000000000000000000000000000000000000000000000000000000000000000000000000000000000000000000000000000000000000000000000000000000000000000000000000000000000000000000000000000000000000000000000000000000000000000000
00000000000000000000000000000000000000000000000000000000000000000000000000000000000000000000000000000000000000000000000000000000000000000000000000000000000000000000000000000000000000000000000000000000000000000000000000000000000000000000000000000000000000000000000000000000000000000000000000000000000000000000000000000000
00000000000000000000000000000000000000000000000000000000000000000000000000000000000000000000000000000000000000000000000000000000000000000000000000000000000000000000000000000000000000000000000000000000000000000000000000000000000000000000000000000000000000000000000000000000000000000000000000000000000000000000000000000000
00000000000000000000000000000000000000000000000000000000000000000000000000000000000000000000000000000000000000000000000000000000000000000000000000000000000000000000000000000000000000000000000000000000000000000000000000000000000000000000000000000000000000000000000000000000000000000000000000000000000000000000000000000000
00000000000000000000000000000000000000000000000000000000000000000000000000000000000000000000000000000000000000000000000000000000000000000000000000000000000000000000000000000000000000000000000000000000000000000000000000000000000000000000000000000000000000000000000000000000000000000000000000000000000000000000000000000000
00000000000000000000000000000000000000000000000000000000000000000000000000000000000000000000000000000000000000000000000000000000000000000000000000000000000000000000000000000000000000000000000000000000000000000000000000000000000000000000000000000000000000000000000000000000000000000000000000000000000000000000000000000000
00000000000000000000000000000000000000000000000000000000000000000000000000000000000000000000000000000000000000000000000000000000000000000000000000000000000000000000000000000000000000000000000000000000000000000000000000000000000000000000000000000000000000000000000000000000000000000000000000000000000000000000000000000000
20002000200020002000200020002000200020002000200020002000200020002000200020002000200020002000200020002000200020002000200020002000200020002000200020002000200020002000200020002000200020002000200020002000200020002000200020002000200020002000200020002000200020002000200020002000200020002000200020002000200020002000200020002000
00000000000000000000000000000000000000000000000000000000000000000000000000000000000000000000000000000000000000000000000000000000000000000000000000000000000000000000000000000000000000000000000000000000000000000000000000000000000000000000000000000000000000000000000000000000000000000000000000000000000000000000000000000000
00000000000000000000000000000000000000000000000000000000000000000000000000000000000000000000000000000000000000000000000000000000000000000000000000000000000000000000000000000000000000000000000000000000000000000000000000000000000000000000000000000000000000000000000000000000000000000000000000000000000000000000000000000000
00000000000000000000000000000000000000000000000000000000000000000000000000000000000000000000000000000000000000000000000000000000000000000000000000000000000000000000000000000000000000000000000000000000000000000000000000000000000000000000000000000000000000000000000000000000000000000000000000000000000000000000000000000000
20002000200020002000200020002000200020002000200020002000200020002000200020002000200020002000200020002000200020002000200020002000200020002000200020002000200020002000200020002000200020002000200020002000200020002000200020002000200020002000200020002000200020002000200020002000200020002000200020002000200020002000200020002000
00000000000000000000000000000000000000000000000000000000000000000000000000000000000000000000000000000000000000000000000000000000000000000000000000000000000000000000000000000000000000000000000000000000000000000000000000000000000000000000000000000000000000000000000000000000000000000000000000000000000000000000000000000000
00200020002000200020002000200020002000200020002000200020002000200020002000200020002000200020002000200020002000200020002000200020002000200020002000200020002000200020002000200020002000200020002000200020002000200020002000200020002000200020002000200020002000200020002000200020002000200020002000200020002000200020002000200020
00000000000000000000000000000000000000000000000000000000000000000000000000000000000000000000000000000000000000000000000000000000000000000000000000000000000000000000000000000000000000000000000000000000000000000000000000000000000000000000000000000000000000000000000000000000000000000000000000000000000000000000000000000000
20202020202020202020202020202020202020202020202020202020202020202020202020202020202020202020202020202020202020202020202020202020202020202020202020202020202020202020202020202020202020202020202020202020202020202020202020202020202020202020202020202020202020202020202020202020202020202020202020202020202020202020202020202020
00000000000000000000000000000000000000000000000000000000000000000000000000000000000000000000000000000000000000000000000000000000000000000000000000000000000000000000000000000000000000000000000000000000000000000000000000000000000000000000000000000000000000000000000000000000000000000000000000000000000000000000000000000000
00200020002000200020002000200020002000200020002000200020002000200020002000200020002000200020002000200020002000200020002000200020002000200020002000200020002000200020002000200020002000200020002000200020002000200020002000200020002000200020002000200020002000200020002000200020002000200020002000200020002000200020002000200020
00000000000000000000000000000000000000000000000000000000000000000000000000000000000000000000000000000000000000000000000000000000000000000000000000000000000000000000000000000000000000000000000000000000000000000000000000000000000000000000000000000000000000000000000000000000000000000000000000000000000000000000000000000000
20202020202020202020202020202020202020202020202020202020202020202020202020202020202020202020202020202020202020202020202020202020202020202020202020202020202020202020202020202020202020202020202020202020202020202020202020202020202020202020202020202020202020202020202020202020202020202020202020202020202020202020202020202020
00000000000000000000000000000000000000000000000000000000000000000000000000000000000000000000000000000000000000000000000000000000000000000000000000000000000000000000000000000000000000000000000000000000000000000000000000000000000000000000000000000000000000000000000000000000000000000000000000000000000000000000000000000000
20202020202020202020202020202020202020202020202020202020202020202020202020202020202020202020202020202020202020202020202020202020202020202020202020202020202020202020202020202020202020202020202020202020202020202020202020202020202020202020202020202020202020202020202020202020202020202020202020202020202020202020202020202020
00000000000000000000000000000000000000000000000000000000000000000000000000000000000000000000000000000000000000000000000000000000000000000000000000000000000000000000000000000000000000000000000000000000000000000000000000000000000000000000000000000000000000000000000000000000000000000000000000000000000000000000000000000000
20202020202020202020202020202020202020202020202020202020202020202020202020202020202020202020202020202020202020202020202020202020202020202020202020202020202020202020202020202020202020202020202020202020202020202020202020202020202020202020202020202020202020202020202020202020202020202020202020202020202020202020202020202020
00000000000000000000000000000000000000000000000000000000000000000000000000000000000000000000000000000000000000000000000000000000000000000000000000000000000000000000000000000000000000000000000000000000000000000000000000000000000000000000000000000000000000000000000000000000000000000000000000000000000000000000000000000000
20202020202020202020202020202020202020202020202020202020202020202020202020202020202020202020202020202020202020202020202020202020202020202020202020202020202020202020202020202020202020202020202020202020202020202020202020202020202020202020202020202020202020202020202020202020202020202020202020202020202020202020202020202020
02000200020002000200020002000200020002000200020002000200020002000200020002000200020002000200020002000200020002000200020002000200020002000200020002000200020002000200020002000200020002000200020002000200020002000200020002000200020002000200020002000200020002000200020002000200020002000200020002000200020002000200020002000200
20202020202020202020202020202020202020202020202020202020202020202020202020202020202020202020202020202020202020202020202020202020202020202020202020202020202020202020202020202020202020202020202020202020202020202020202020202020202020202020202020202020202020202020202020202020202020202020202020202020202020202020202020202020
00000000000000000000000000000000000000000000000000000000000000000000000000000000000000000000000000000000000000000000000000000000000000000000000000000000000000000000000000000000000000000000000000000000000000000000000000000000000000000000000000000000000000000000000000000000000000000000000000000000000000000000000000000000
20202020202020202020202020202020202020202020202020202020202020202020202020202020202020202020202020202020202020202020202020202020202020202020202020202020202020202020202020202020202020202020202020202020202020202020202020202020202020202020202020202020202020202020202020202020202020202020202020202020202020202020202020202020
02000200020002000200020002000200020002000200020002000200020002000200020002000200020002000200020002000200020002000200020002000200020002000200020002000200020002000200020002000200020002000200020002000200020002000200020002000200020002000200020002000200020002000200020002000200020002000200020002000200020002000200020002000200
20202020202020202020202020202020202020202020202020202020202020202020202020202020202020202020202020202020202020202020202020202020202020202020202020202020202020202020202020202020202020202020202020202020202020202020202020202020202020202020202020202020202020202020202020202020202020202020202020202020202020202020202020202020
00020002000200020002000200020002000200020002000200020002000200020002000200020002000200020002000200020002000200020002000200020002000200020002000200020002000200020002000200020002000200020002000200020002000200020002000200020002000200020002000200020002000200020002000200020002000200020002000200020002000200020002000200020002
20202020202020202020202020202020202020202020202020202020202020202020202020202020202020202020202020202020202020202020202020202020202020202020202020202020202020202020202020202020202020202020202020202020202020202020202020202020202020202020202020202020202020202020202020202020202020202020202020202020202020202020202020202020
02020202020202020202020202020202020202020202020202020202020202020202020202020202020202020202020202020202020202020202020202020202020202020202020202020202020202020202020202020202020202020202020202020202020202020202020202020202020202020202020202020202020202020202020202020202020202020202020202020202020202020202020202020202
20202020202020202020202020202020202020202020202020202020202020202020202020202020202020202020202020202020202020202020202020202020202020202020202020202020202020202020202020202020202020202020202020202020202020202020202020202020202020202020202020202020202020202020202020202020202020202020202020202020202020202020202020202020
00020002000200020002000200020002000200020002000200020002000200020002000200020002000200020002000200020002000200020002000200020002000200020002000200020002000200020002000200020002000200020002000200020002000200020002000200020002000200020002000200020002000200020002000200020002000200020002000200020002000200020002000200020002
20202020202020202020202020202020202020202020202020202020202020202020202020202020202020202020202020202020202020202020202020202020202020202020202020202020202020202020202020202020202020202020202020202020202020202020202020202020202020202020202020202020202020202020202020202020202020202020202020202020202020202020202020202020
02020202020202020202020202020202020202020202020202020202020202020202020202020202020202020202020202020202020202020202020202020202020202020202020202020202020202020202020202020202020202020202020202020202020202020202020202020202020202020202020202020202020202020202020202020202020202020202020202020202020202020202020202020202
20202020202020202020202020202020202020202020202020202020202020202020202020202020202020202020202020202020202020202020202020202020202020202020202020202020202020202020202020202020202020202020202020202020202020202020202020202020202020202020202020202020202020202020202020202020202020202020202020202020202020202020202020202020
02020202020202020202020202020202020202020202020202020202020202020202020202020202020202020202020202020202020202020202020202020202020202020202020202020202020202020202020202020202020202020202020202020202020202020202020202020202020202020202020202020202020202020202020202020202020202020202020202020202020202020202020202020202
20202020202020202020202020202020202020202020202020202020202020202020202020202020202020202020202020202020202020202020202020202020202020202020202020202020202020202020202020202020202020202020202020202020202020202020202020202020202020202020202020202020202020202020202020202020202020202020202020202020202020202020202020202020
02020202020202020202020202020202020202020202020202020202020202020202020202020202020202020202020202020202020202020202020202020202020202020202020202020202020202020202020202020202020202020202020202020202020202020202020202020202020202020202020202020202020202020202020202020202020202020202020202020202020202020202020202020202
22202220222022202220222022202220222022202220222022202220222022202220222022202220222022202220222022202220222022202220222022202220222022202220202020202020202020202020202020202020202020202020222022202220222022202220222022202220222022202220222022202220222022202220222022202220222022202220222022202220222022202220222022202220
02020202020202020202020202020202020202020202020202020202020202020202020202020202020202020202020202020202020202020202020202020202020202020202020202020202020202020202020202020202020202020202020202020202020202020202020202020202020202020202020202020202020202020202020202020202020202020202020202020202020202020202020202020202
20202020202020202020202020202020202020202020202020202020202020202020202020202020202020202020202020202020202020202020202020202020202020202020202020202020202020202020202020202020202020202020202020202020202020202020202020202020202020202020202020202020202020202020202020202020202020202020202020202020202020202020202020202020
02020202020202020202020202020202020202020202020202020202020202020202020202020202020202020202020202020202020202020202020202020202020202020202020202020202020202020202020202020202020202020202020202020202020202020202020202020202020202020202020202020202020202020202020202020202020202020202020202020202020202020202020202020202
22202220222022202220222022202220222022202220222022202220222022202220222022202220222022202220222022202220222022202220222022202220222022202220222022202220222022202220222022202220222022202220222022202220222022202220222022202220222022202220222022202220222022202220222022202220222022202220222022202220222022202220222022202220
02020202020202020202020202020202020202020202020202020202020202020202020202020202020202020202020202020202020202020202020202020202020202020202020202020202020202020202020202020202020202020202020202020202020202020202020202020202020202020202020202020202020202020202020202020202020202020202020202020202020202020202020202020202
20222022202220222022202220222022202220222022202220222022202220222022202220222022202220222022202220222022202220222022202220222022202220222022202220222022202220222022202220222022202220222022202220222022202220222022202220222022202220222022202220222022202220222022202220222022202220222022202220222022202220222022202220222022
02020202020202020202020202020202020202020202020202020202020202020202020202020202020202020202020202020202020202020202020202020202020202020202020202020202020202020202020202020202020202020202020202020202020202020202020202020202020202020202020202020202020202020202020202020202020202020202020202020202020202020202020202020202
22202220202020202220222022202220222022202220222022202220222022202220222022202220222022202220222022202220222022202220222022202220222022202220222022202220222022202220222022202220222022202220222022202220222022202220222022202220222022202220222022202220222022202220222022202220222022202220222022202220222022202220222022202220
02000000000000000002020202020202020202020202020202020202020202020202020202020202020202020202020202020202020202020202020202020202020202020202020202020202020202020202020202020202020202020202020202020202020202020202020202020202020202020202020202020202020202020202020202020202020202020202020202020202020202020202020202020202
00200020002000200020202220222022202220222022202220222022202220222022202220222022202220222022202220222022202220222022202220222022202220222022202220222022202220222022202220222022202220222022202220222022202220222022202220222022202220222022202220222022202220222022202220222022202220222022202220222022202220222022202220222022
00000000000000000000000202020202020202020202020202020202020202020202020202020202020202020202020202020202020202020202020202020202020202020202020202020202020202020202020202020202020202020202020202020202020202020202020202020202020202020202020202020202020202020202020202020202020202020202020202020202020202020202020202020202
20002000200020002000200022222222222222222222222222222222222222222222222222222222222222222222222222222222222222222222222222222222222222222222222222222222222222222222222222222222222222222222222222222222222222222222222222222222222222222222222222222222222222222222222222222222222222222222222222222222222222222222222222222222
00000000000000000000000000020202020202020202020202020202020202020202020202020202020202020202020202020202020202020202020202020202020202020202020202020202020202020202020202020202020202020202020202020202020202020202020202020202020202020202020202020202020202020202020202020202020202020202020202020202020202020202020202020202
00200020002000200020002000202022202220222022202220222022202220222022202220222022202220222022202220222022202220222022202220222022202220222022202220222022202220222022202220222022202220222022202220222022202220222022202220222022202220222022202220222022202220222022202220222022202220222022202220222022202220222022202220222022
00000000000000000000000000000002020202020202020202020202020202020202020202020202020202020202020202020202020202020202020202020202020202020202020202020202020202020202020202020202020202020202020202020202020202020202020202020202020202020202020202020202020202020202020202020202020202020202020202020202020202020202020202020202
20002000200020002000200020002000222222222222222222222222222222222222222222222222222222222222222222222222222222222222222222222222222222222222222222222222222222222222222222222222222222222222222222222222222222222222222222222222222222222222222222222222222222222222222222222222222222222222222222222222222222222222222222222222
00000000000000000000000000000000020202020202020202020202020202020202020202020202020202020202020202020202020202020202020202020202020202020202020202020202020202020202020202020202020202020202020202020202020202020202020202020202020202020202020202020202020202020202020202020202020202020202020202020202020202020202020202020202
00200020002000200020002000200020002222222222222222222222222222222222222222222222222222222222222222222222222222222222222222222222222222222222222222222222222222222222222222222222222222222222222222222222222222222222222222222222222222222222222222222222222222222222222222222222222222222222222222222222222222222222222222222222
00000000000000000000000000000000000202020202020202020202020202020202020202020202020202020202020202020202020202020202020202020202020202020202020202020202020202020202020202020202020202020202020202020202020202020202020202020202020202020202020202020202020202020202020202020202020202020202020202020202020202020202020202020202
20002000200020002000200020002000200022222222222222222222222222222222222222222222222222222222222222222222222222222222222222222222222222222222222222222222222222222222222222222222222222222222222222222222222222222222222222222222222222222222222222222222222222222222222222222222222222222222222222222222222222222222222222222222
00000000000000000000000000000000000000020202020202020202020202020202020202020202020202020202020202020202020202020202020202020202020202020202020202020202020202020202020202020202020202020202020202020202020202020202020202020202020202020202020202020202020202020202020202020202020202020202020202020202020202020202020202020202
00200020002000200020002000200020002000222222222222222222222222222222222222222222222222222222222222222222222222222222222222222222222222222222222222222222222222222222222222222222222222222222222222222222222222222222222222222222222222222222222222222222222222222222222222222222222222222222222222222222222222222222222222222222
00000000000000000000000000000000000000000202220222022202220222022202220222022202220222022202220222022202220222022202220222022202220222022202220222022202220222022202220222022202220222022202220222022202220222022202220222022202220222022202220222022202220222022202220222022202220222022202220222022202220222022202220222022202
20002000200020002000200020002000200020002222222222222222222222222222222222222222222222222222222222222222222222222222222222222222222222222222222222222222222222222222222222222222222222222222222222222222222222222222222222222222222222222222222222222222222222222222222222222222222222222222222222222222222222222222222222222222
00000000000000000000000000000000000000000002022202220222022202220222022202220222022202220222022202220222022202220222022202220222022202220222022202220222022202220222022202220222022202220222022202220222022202220222022202220222022202220222022202220222022202220222022202220222022202220222022202220222022202220222022202220222
00200020002000200020002000200020002000200022222222222222222222222222222222222222222222222222222222222222222222222222222222222222222222222222222222222222222222222222222222222222222222222222222222222222222222222222222222222222222222222222222222222222222222222222222222222222222222222222222222222222222222222222222222222222
00000000000000000000000000000000000000000000020222022202220222022202220222022202220222022202220222022202220222022202220222022202220222022202222222222222222222222222222222222222222222222222222222022202220222022202220222022202220222022202220222022202220222022202220222022202220222022202220222022202220222022202220222022202
20002000200020002000200020002000200020002000222222222222222222222222222222222222222222222222222222222222222222222222222222222222222222222222222222222222222222222222222222222222222222222222222222222222222222222222222222222222222222222222222222222222222222222222222222222222222222222222222222222222222222222222222222222222
00000000000000000000000000000000000000000000000202220222022202220222022202220222022202220222022202220222022202220222022202220222022202220222022222222222222222222222222222222222222222222222222202220222022202220222022202220222022202220222022202220222022202220222022202220222022202220222022202220222022202220222022202220222
00200020002000200020002000200020002000200020002222222222222222222222222222222222222222222222222222222222222222222222222222222222222222222222222222222222222222222222222222222222222222222222222222222222222222222222222222222222222222222222222222222222222222222222222222222222222222222222222222222222222222222222222222222222
00000000000000000000000000000000000000000000000022222222222222222222222222222222222222222222222222222222222222222222222222222222222222222222222222222222222222222222222222222222222222222222222222222222222222222222222222222222222222222222222222222222222222222222222222222222222222222222222222222222222222222222222222222222
20002000200020002000200020002000200020002000200022222222222222222222222222222222222222222222222222222222222222222222222222222222222222222222222222222222222222222222222222222222222222222222222222222222222222222222222222222222222222222222222222222222222222222222222222222222222222222222222222222222222222222222222222222222
00000000000000000000000000000000000000000000000000020222022202220222022202220222022202220222022202220222022202220222022202220222222222222222222222222222222222222222222222222222222222222222222222222222222222220222022202220222022202220222022202220222022202220222022202220222022202220222022202220222022202220222022202220222
00200020002000200020002000200020002000200020002000222222222222222222222222222222222222222222222222222222222222222222222222222222222222222222222222222222222222222222222222222222222222222222222222222222222222222222222222222222222222222222222222222222222222222222222222222222222222222222222222222222222222222222222222222222
00000000000000000000000000000000000000000000000000022222222222222222222222222222222222222222222222222222222222222222222222222222222222222222222222222222222222222222222222222222222222222222222222222222222222222222222222222222222222222222222222222222222222222222222222222222222222222222222222222222222222222222222222222222
20002000200020002000200020002000200020002000200020002222222222222222222222222222222222222222222222222222222222222222222222222222222222222222222222222222222222222222222222222222222222222222222222222222222222222222222222222222222222222222222222222222222222222222222222222222222222222222222222222222222222222222222222222222
00000000000000000000000000000000000000000000000000000222222222222222222222222222222222222222222222222222222222222222222222222222222222222222222222222222222222222222222222222222222222222222222222222222222222222222222222222222222222222222222222222222222222222222222222222222222222222222222222222222222222222222222222222222
00200020002000200020002000200020002000200020002000200022222222222222222222222222222222222222222222222222222222222222222222222222222222222222222222222222222222222222222222222222222222222222222222222222222222222222222222222222222222222222222222222222222222222222222222222222222222222222222222222222222222222222222222222222
00000000000000000000000000000000000000000000000000000002222222222222222222222222222222222222222222222222222222222222222222222222222222222222222222222222222222222222222222222222222222222222222222222222222222222222222222222222222222222222222222222222222222222222222222222222222222222222222222222222222222222222222222222222
20002000200020002000200020002000200020002000200020002000222222222222222222222222222222222222222222222222222222222222222222222222222222222222222222222222222222222222222222222222222222222222222222222222222222222222222222222222222222222222222222222222222222222222222222222222222222222222222222222222222222222222222222222222
00000000000000000000000000000000000000000000000000000000022222222222222222222222222222222222222222222222222222222222222222222222222222222222222222222222222222222222222222222222222222222222222222222222222222222222222222222222020200000202222222222222222222222222222222222222222222222222222222222222222222222222222222222222
00200020002000200020002000200020002000200020002000200020002222222222222222222222222222222222222222222222222222222222222222222222222222222222222222222222222222222222222222222222222222222222222222222222222222222222222222222020000000000000002222222222222222222222222222222222222222222222222222222222222222222222222222222222
00000000000000000000000000000000000000000000000000000000000222222222222222222222222222222222222222222222222222222222222222222222222222222222222222222222222222222222222222222222222222222222222222222222222222222222222222000000000000000000000002222222222222222222222222222222222222222222222222222222222222222222222222222222
20002000200020002000200020002000200020002000200020002000200022222222222222222222222222222222222222222222222222222222222222222222222222222222222222222222222222222222222222222222222222222222222222222222222222222222222000000000000000000000000000002222222222222222222222222222222222222222222222222222222222222222222222222222
00000000000000000000000000000000000000000000000000000000000002222222222222222222222222222222222222222222222222222222222222222222222222222222222222221222122212121212121212121212122212222222222222222222222222222222000000000000000000000000000000000222222222222222222222222222222222222222222222222222222222222222222222222222
00200020002000200020002000200020002000200020002000200020002000222222222222222222222222222222222222222222222222222222222222222222222222222222222222222222222222322132213221322232222222222222222222222222222222222220000000000000000000000000000000000022222222222222222222222222222222222222222222222222222222222222222222222222
00000000000000000000000000000000000000000000000000000000000000022222222222222222222222222222222222222222222222222222222222222222222222222222222222122212121212121312131213121212121212122212222222222222222222220000000000000000000000000000000000000000022222222222222222222222222222222222222222222222222222222222222222222222
20002000200020002000200020002000200020002000200020002000200020222222222222222222222222222222222222222222222222222222222222222222222222222222222222223232323132313231323132313231323232223222222222222222222222200000000000000000000000000000000000000000002222222222222222222222222222222222222222222222222222222222222222222222
00000000000000000000000000000000000000000000000000000000000000000222222222222222222222222222222222222222222222222222222222222222222222221222121212121213121313131313131313131313121312121212121212222222222200000000000000000000000000000000000000000000000222222222222222222222222222222222222222222222222222222222222222222222
00200020002000200020002000200020002000200020002000200020002000202222222222222222222222222222222222222222222222222222222222222222222222222222223231323131313131313131313131313131313131323132222222222222222000000000000000000000000000000000000000000000000022222222222222222222222222222222222222222222222222222222222222222222
00000000000000000000000000000000000000000000000000000000000000000022222222222222222222222222222222222222222222222222222222222222222222122212121213131313131313131313131313131313131313131312121212122222000000000000000000000000000000000000000000000000000000222222222222222222222222222222222222222222222222222222222222222222
20002000200020002000200020002000200020002000200020002000200020002022222222222222222222222222222222222222222222222222222222222222222222223232323132313331333133313331333133313331333133313331323232222220000000000000000000000000000000000000000000000000000000022222222222222222222222222222222222222222222222222222222222222222
00000000000000000000000000000000000000000000000000000000000000000002222222222222222222222222222222222222222222222222222222222222122212121212121313131313131313131313131313131313131313131313131312120000000000000000000000000000000000000000000000000000000000000222222222222222222222222222222222222222222222222222222222222222
00200020002000200020002000200020002000200020002000200020002000200020222222222222222222222222222222222222222222222222222222222222222222323131313131313131313131313131313131313131313131313131313122200000000000000000000000000000000000000000000000000000000000000222222222222222222222222222222222222222222222222222222222222222
00000000000000000000000000000000000000000000000000000000000000000000022222222222222222222222222222222222222222222222222222222212221212121313131313131313131313131313131313131313131313131313131200000000000000000000000000000000000000000000000000000000000000000002222222222222222222222222222222222222222222222222222222222222
20002000200020002000200020002000200020002000200020002000200020002000202222222222222222222222222222222222222222222222222222222222323232313331333133313331333133313331333133313331333133313331200000000000000000000000000000000000000000000000000000000000000000000000222222222222222222222222222222222222222222222222222222222222
00000000000000000000000000000000000000000000000000000000000000000000000222222222222222222222222222222222222222222222222212221212121212131313131313121313131313131313131313131313131313131200000000000000000000000000000000000000000000000000000000000000000000000000022222222222222222222222222222222222222222222222222222222222
00200020002000200020002000200020002000200020002000200020002000200020002022222222222222222222222222222222222222222222222222222232313231313131313132203131313131313131313131313131313131220000000000000000000000000000000000000000000000000000000000000000000000000000002222222222222222222222222222222222222222222222222222222222
00000000000000000000000000000000000000000000000000000000000000000000000002222222222222222222222222222222222222222222221222121212131313122222220200002213131313131313131313131313132200000000000000000000000000000000000000000000000000000000000000000000000000000000000222222222222222222222222222222222222222222222222222222222
20002000200020002000200020002000200020002000200020002000200020002000200020222222222222222222222222222222222222222222222232223231322220000000000000000000002022222221313132222220000000000000000000000000000000000000000000000000000000000000000000000000000000000000000022222222222222222222222222222222222222222222222222222222
00000000000000000000000000000000000000000000000000000000000000000000000000022222222222222222222222222222222212221222121212121222000000000000000000000000000000000000000000000000000000000000000000000000000000000000000000000000000000000000000000000000000000000000000002222222222222222222222222222222222222222222222222222222
00200020002000200020002000200020002000200020002000200020002000200020002000202222222222222222222222222222222222222222223231322000000000000000000000000000000000000000000000000000000000000000000000000000000000000000000000000000000000000000000000000000000000000000000000222222222222222222222222222222222222222222222222222222
00000000000000000000000000000000000000000000000000000000000000000000000000000222221222122212221222122222221222122212121212000000000000000000000000000000000000000000000000000000000000000000000000000000000000000000000000000000000000000000000000000000000000000000000000022212221222122212221222122212221222122212221222122212
20002000200020002000200020002000200020002000200020002000200020002000200020002022222222222222222222222222222222223222323220000000000000000000000000000000000000000000000000000000000000000000000000000000000000000000000000000000000000000000000000000000000000000000000000022222222222222222222222222222222222222222222222222222
00000000000000000000000000000000000000000000000000000000000000000000000000000000021212121212121212121212121212121212120000000000000000000000000000000000000000000000000000000000000000000000000000000000000000000000000000000000000000000000000000000000000000000000000000000212121212121212121212121212121212121212121212121212
00200020002000200020002000200020002000200020002000200020002000200020002000200020222222322232223222322222223222323132320000000000000000000000000000000000000000000000000000000000000000000000000000000000000000000000000000000000000000000000000000000000000000000000000000000222223222322232223222322232223222322232223222322232
00000000000000000000000000000000000000000000000000000000000000000000000000000000000212121212121212121212121212121312120000000000000000000000000000000000000000000000000000000000000000000000000000000000000000000000000000000000000000000000000000000000000000000000000000000022121212121212121212121212121212121212121212121212
20002000200020002000200020002000200020002000200020002000200020002000200020002000200022323232323232323232323232313231320000000000000000000000000000000000000000000000000000000000000000000000000000000000000000000000000000000000000000000000000000000000000000000000000000000022323232323232323232323232323232323232323232323232
00000000000000000000000000000000000000000000000000000000000000000000000000000000000002131213121312131213121312131213120000000000000000000000000000000000000000000000000000000000000000000000000000000000000000000000000000000000000000000000000000000000000000000000000000000000121312131213121312131213121312131213121312131213
00200020002000200020002000200020002000200020002000200020002000200020002000200020002000223132313231323132313231323131320000000000000000000000000000000000000000000000000000000000000000000000000000000000000000000000000000000000000000000000000000000000000000000000000000000000223131313131313131313131313131313131313131313131
00000000000000000000000000000000000000000000000000000000000000000000000000000000000000002213131313131313131313131313120000000000000000000000000000000000000000000000000000000000000000000000000000000000000000000000000000000000000000000000000000000000000000000000000000000000021313131313131313131313131313131313131313131313
20002000200020002000200020002000200020002000200020002000200020002000200020002000200020002021333132313231323132313331320000000000000000000000000000000000000000000000000000000000000000000000000000000000000000000000000000000000000000000000000000000000000000000000000000000000002233313331333133313331333133313331333133313331
00000000000000000000000000000000000000000000000000000000000000000000000000000000000000000002231313131313131313131313120000000000000000000000000000000000000000000000000000000000000000000000000000000000000000000000000000000000000000000000000000000000000000000000000000000000000213131313131313131313131313131313131313131313
00200020002000200020002000200020002000200020002000200020002000200020002000200020002000200020222131313131313131313131310000000000000000000000000000000000000000000000000000000000000000000000000000000000000000000000000000000000000000000000000000000000000000000000000000000000000021313131313131313131313131313131313131313131
00000000000000000000000000000000000000000000000000000000000000000000000000000000000000000000000222131313131313131313120000000000000000000000000000000000000000000000000000000000000000000000000000000000000000000000000000000000000000000000000000000000000000000000000000000000000002131313131313131313131313131313131313131313
20002000200020002000200020002000200020002000200020002000200020002000200020002000200020002000200020223331333133313332200000000000000000000000000000000000000000000000000000000000000000000000000000000000000000000000000000000000000000000000000000000000000000000000000000000000000000213331333133313331333133313331333133313331
00000000000000000000000000000000000000000000000000000000000000000000000000000000000000000000000000000002221222220000000000000000000000000000000000000000000000000000000000000000000000000000000000000000000000000000000000000000000000000000000000000000000000000000000000000000000000021313131313131313131313131313131313131313
00200020002000200020002000200020002000200020002000200020002000200020002000200020002000200020002000200020002000200020000000000000000000000000000000000000000000000000000000000000000000000000000000000000000000000000000000000000000000000000000000000000000000000000000000000000000000002131313131313131313131313131313131313131
00000000000000000000000000000000000000000000000000000000000000000000000000000000000000000000000000000000000000000000000000000000000000000000000000000000000000000000000000000000000000000000000000000000000000000000000000000000000000000000000000000000000000000000000000000000000000000213131313131313131313131313131313131313
20002000200020002000200020002000200020002000200020002000200020002000200020002000200020002000200020002000200020002000200000000000000000000000000000000000000000000000000000000000000000000000000000000000000000000000000000000000000000000000000000000000000000000000000000000000000000000021333133313331333133313331333133313331
00000000000000000000000000000000000000000000000000000000000000000000000000000000000000000000000000000000000000000000000000000000000000000000000000000000000000000000000000000000000000000000000000000000000000000000000000000000000000000000000000000000000000000000000000000000000000000002131313131313131313131313131313131313
00200020002000200020002000200020002000200020002000200020002000200020002000200020002000200020002000200020002000200020000000000000000000000000000000000000000000000000000000000000000000000000000000000000000000000000000000000000000000000000000000000000000000000000000000000000000000000000213131313131313131313131313131313131
00000000000000000000000000000000000000000000000000000000000000000000000000000000000000000000000000000000000000000000000000000000000000000000000000000000000000000000000000000000000000000000000000000000000000000000000000000000000000000000000000000000000000000000000000000000000000000000021313131313131313131313131313131313
20002000200020002000200020002000200020002000200020002000200020002000200020002000200020002000200020002000200020002000200000000000000000000000000000000000000000000000000000000000000000000000000000000000000000000000000000000000000000000000000000000000000000000000000000000000000000000000002133313331333133313331333133313331
00000000000000000000000000000000000000000000000000000000000000000000000000000000000000000000000000000000000000000000000000000000000000000000000000000000000000000000000000000000000000000000000000000000000000000000000000000000000000000000000000000000000000000000000000000000000000000000000213131313131313131313131313131313
00200020002000200020002000200020002000200020002000200020002000200020002000200020002000200020002000200020002000200020000000000000000000000000000000000000000000000000000000000000000000000000000000000000000000000000000000000000000000000000000000000000000000000000000000000000000000000000000021313131313131313131313131313131
00000000000000000000000000000000000000000000000000000000000000000000000000000000000000000000000000000000000000000000000000000000000000000000000000000000000000000000000000000000000000000000000000000000000000000000000000000000000000000000000000000000000000000000000000000000000000000000000000131313131313131313131313131313
20002000200020002000200020002000200020002000200020002000200020002000200020002000200020002000200020002000200020002000200000000000000000000000000000000000000000000000000000000000000000000000000000000000000000000000000000000000000000000000000000000000000000000000000000000000000000000000000000023331333133313331333133313331
00000000000000000000000000000000000000000000000000000000000000000000000000000000000000000000000000000000000000000000000000000000000000000000000000000000000000000000000000000000000000000000000000000000000000000000000000000000000000000000000000000000000000000000000000000000000000000000000000000213131313131313131313131313
00200020002000200020002000200020002000200020002000200020002000200020002000200020002000200020002000200020002000200020000000000000000000000000000000000000000000000000000000000000000000000000000000000000000000000000000000000000000000000000000000000000000000000000000000000000000000000000000000000021313131313131313131313131
00000000000000000000000000000000000000000000000000000000000000000000000000000000000000000000000000000000000000000000000000000000000000000000000000000000000000000000000000000000000000000000000000000000000000000000000000000000000000000000000000000000000000000000000000000000000000000000000000000000131313131313131313131313
20002000200020002000200020002000200020002000200020002000200020002000200020002000200020002000200020002000200020002000200000000000000000000000000000000000000000000000000000000000000000000000000000000000000000000000000000000000000000000000000000000000000000000000000000000000000000000000000000000000223133313331333133313331
00000000000000000000000000000000000000000000000000000000000000000000000000000000000000000000000000000000000000000000000000000000000000000000000000000000000000000000000000000000000000000000000000000000000000000000000000000000000000000000000000000000000000000000000000000000000000000000000000000000000213131313131313131313
00200020002000200020002000200020002000200020002000200020002000200020002000200020002000200020002000200020002000200020000000000000000000000000000000000000000000000000000000000000000000000000000000000000000000000000000000000000000000000000000000000000000000000000000000000000000000000000000000000000000000313131313131313131
00000000000000000000000000000000000000000000000000000000000000000000000000000000000000000000000000000000000000000000000000000000000000000000000000000000000000000000000000000000000000000000000000000000000000000000000000000000000000000000000000000000000000000000000000000000000000000000000000000000000000000213131313131312
20002000200020002000200020002000200020002000200020002000200020002000200020002000200020002000200020002000200020002000200000000000000000000000000000000000000000000000000000000000000000000000000000000000000000000000000000000000000000000000000000000000000000000000000000000000000000000000000000000000000000000000222222222000
00000000000000000000000000000000000000000000000000000000000000000000000000000000000000000000000000000000000000000000000000000000000000000000000000000000000000000000000000000000000000000000000000000000000000000000000000000000000000000000000000000000000000000000000000000000000000000000000000000000000000000000000000000000
00200020002000200020002000200020002000200020002000200020002000200020002000200020002000200020002000200020002000200020000000000000000000000000000000000000000000000000000000000000000000000000000000000000000000000000000000000000000000000000000000000000000000000000000000000000000000000000000000000000000000000000000000000000
00000000000000000000000000000000000000000000000000000000000000000000000000000000000000000000000000000000000000000000000000000000000000000000000000000000000000000000000000000000000000000000000000000000000000000000000000000000000000000000000000000000000000000000000000000000000000000000000000000000000000000000000000000000
20002000200020002000200020002000200020002000200020002000200020002000200020002000200020002000200020002000200020002000200000000000000000000000000000000000000000000000000000000000000000000000000000000000000000000000000000000000000000000000000000000000000000000000000000000000000000000000000000000000000000000000000000000000
00000000000000000000000000000000000000000000000000000000000000000000000000000000000000000000000000000000000000000000000000000000000000000000000000000000000000000000000000000000000000000000000000000000000000000000000000000000000000000000000000000000000000000000000000000000000000000000000000000000000000000000000000000000
00200020002000200020002000200020002000200020002000200020002000200020002000200020002000200020002000200020002000200020000000000000000000000000000000000000000000000000000000000000000000000000000000000000000000000000000000000000000000000000000000000000000000000000000000000000000000000000000000000000000000000000000000000000
02020202020202020202020202020202020202020202020202020202020202020202020202020202020202020202020202020202020202020202020202020202020202020202020202020202020202020202020202020202020202020202020202020202020202020202020202020202020202020202020202020202020202020202020202020202020202020202020202020202020202020202020202020202
20202020202020202020202020202020202020202020202020202020202020202020202020202020202020202020202020202020202020202020202020202020202020202020202020202022222222222222222222222222222222222222222222222020202020202020202020202020202020202020202020202020202020202020202020202020202020202020202020202020202020202020202020202020
00020002000200020002000200020002000200020002000200020002000200020002000200020002000200020002000200020002000200020002020202020202022202220222022202220222222222222222222222222222222222222222222222220202020200020002000200020002000200020002000200020002000200020002000200020002000200020002000200020002000200020002000200020002
20202020202020202020202020202020202020202020202020202020202020202020202020202020202020202020202020202020202020202022222222222222222222222222222222222222222222222222222222222222222222222222222222222222222222222022202220222022202020202020202020202020202020202020202020202020202020202020202020202020202020202020202020202020
02000200020002000200020002000200020002000200020002000200020002000200020002000200020002000200020002000200020002000202020202020202020202020202020202020202020202222222222222222222222222222202020202020202020202020202020202020202020002000200020002000200020002000200020002000200020002000200020002000200020002000200020002000200
20202020202020202020202020202020202020202020202020202020202020202020202020202020202020202020202020202020202020202020202020202222222222222222222222222222222222222222222222222222222222222222222222222220202020202020202020202020202020202020202020202020202020202020202020202020202020202020202020202020202020202020202020202020
00000000000000000000000000000000000000000000000000000000000000000000000000000000000000000000000000000000000000020202020202020222222222222222222222222222222222222222222222222222222222222222222222222222222222222222222222220202020200000000000000000000000000000000000000000000000000000000000000000000000000000000000000000000
20202020202020202020202020202020202020202020202020202020202020202020202020202020202020202020202020202020202020202020202020202020202020202022202222222222222222222222222222222222202220222022202020202020202020202020202020202020202020202020202020202020202020202020202020202020202020202020202020202020202020202020202020202020
02000200020002000200020002000200020002000200020002000200020002000200020002000200020002000200020002000200020002000200020002000200020002020202222222222222222222222222222222222222222222222222222202020202020202020200020002000200020002000200020002000200020002000200020002000200020002000200020002000200020002000200020002000200
20202020202020202020202020202020202020202020202020202020202020202020202020202020202020202020202020202220222022202220222222222222222222222222222222222222222222222222222222222222222222222222222222222222222222222222222022202020202020202020202020202020202020202020202020202020202020202020202020202020202020202020202020202020
00000000000000000000000000000000000000000000000000000000000000000000000000000000000000000000000000020002000200020002000200020002000200020002000202020202022222222222222222222222222222222202020202020202000200020002000200000000000000000000000000000000000000000000000000000000000000000000000000000000000000000000000000000000
20202020202020202020202020202020202020202020202020202020202020202020202020202020202020202020202020202020202020202020202020222222222222222222222222222222222222222222222222222222222222222222222222222222202020202020202020202020202020202020202020202020202020202020202020202020202020202020202020202020202020202020202020202020
00000000000000000000000000000000000000000000000000000000000000000000000000000000000000000000000000000000000000022222222222222222222222222222222222222222222222222222222222222222222222222222222222222222222222222202020202020202020202020000000000000000000000000000000000000000000000000000000000000000000000000000000000000000
20202020202020202020202020202020202020202020202020202020202020202020202020202020202020202020202020202020202020202020202020202020202022202220222022202222222222222222222222222222222222222222202020202020202020202020202020202020202020202020202020202020202020202020202020202020202020202020202020202020202020202020202020202020
00000000000000000000000000000000000000000000000000000000000000000000000000000000000000000000000000000000000000000000000000020202020202220222022202220222022202220222022202220222022202220222020202020202020200000000000000000000000000000000000000000000000000000000000000000000000000000000000000000000000000000000000000000000
00200020002000200020002000200020002000200020002000200020002000200020002000200020002000200020002000200020202020202020202020222222222222222222222222222222222222222222222222222222222222222222222222222222222222222222222222222222202020200020002000200020002000200020002000200020002000200020002000200020002000200020002000200020
00000000000000000000000000000000000000000000000000000000000000000000000000000000000000000000000000000000020002000200020002000200020002000202222222222222222222222222222222222222220202020202020202020200020002000200020002000200020000000000000000000000000000000000000000000000000000000000000000000000000000000000000000000000
20002000200020002000200020002000200020002000200020002000200020002000200020002000200020002000200020002000200020002000200020002000202022202222222222222222222222222222222222222222222222222222222222222220222022202220222020002000200020002000200020002000200020002000200020002000200020002000200020002000200020002000200020002000
00000000000000000000000000000000000000000000000000000000000000000000000000000000000000000000000000020002000202020222022202220222022202220222022202220222022202220222022202220222022202220222022202220222022202220222022200020002000000000000000000000000000000000000000000000000000000000000000000000000000000000000000000000000
00000000000000000000000000000000000000000000000000000000000000000000000000000000000000000000000020202020202020202020202020202020202020202020202020202022222222222222222222222222222222222222222220202020202020202020202020202020000000000000000000000000000000000000000000000000000000000000000000000000000000000000000000000000
00000000000000000000000000000000000000000000000000000000000000000000000000000000000000000000000000000000000000000000020202020202020202020202222222222222222222222222222222222222222222222222222222222222220000000000000000000000000000000000000000000000000000000000000000000000000000000000000000000000000000000000000000000000
20002000200020002000200020002000200020002000200020002000200020002000200020002000200020002000200020002000200022222222222222222222222222222222222222222222222222222222222222222222222222222222222222222222222222222222222220202020202020202020202020002000200020002000200020002000200020002000200020002000200020002000200020002000
00000000000000000000000000000000000000000000000000000000000000000000000000000000000000000000000000000000000000000000000000000002000200020002000202220222022202220222022202220222022202220222020200000000000000000000000000000000000000000000000000000000000000000000000000000000000000000000000000000000000000000000000000000000
00000000000000000000000000000000000000000000000000000000000000000000000000000000000000000000000000000000000000000000000000202222222222222222222222222222222222222222222222222222222222222222222220202020202020202020000000000000000000000000000000000000000000000000000000000000000000000000000000000000000000000000000000000000
00000000000000000000000000000000000000000000000000000000000000000000000000000000000000000000000000000000000000000000020202020202020202020202020202020202220222022202220222022202220202020202020202020202020202020202020202020202020200000000000000000000000000000000000000000000000000000000000000000000000000000000000000000000
00000000000000000000000000000000000000000000000000000000000000000000000000000000000000000000000000000000000000000000000000000000000000002020202020202022222222222222222222222222202020202000000000000000000000000000000000000000000000000000000000000000000000000000000000000000000000000000000000000000000000000000000000000000
00000000000000000000000000000000000000000000000000000000000000000000000000000000000000000000000000000000000000000000000000000000000000020222022202220222022202220222022202220222022202220222022202220222022202000000000000000000000000000000000000000000000000000000000000000000000000000000000000000000000000000000000000000000
00000000000000000000000000000000000000000000000000000000000000000000000000000000000000000000000000000000202220222022202220222222222222222222222222222222222222222222222222222222222222222222222222222222222222222222222220200000000000000000000000000000000000000000000000000000000000000000000000000000000000000000000000000000
00000000000000000000000000000000000000000000000000000000000000000000000000000000000000000000000000000000000000000000000000000000000000000000000000022202220222022202220222022202020202020202020202020200000000000000000000000000000000000000000000000000000000000000000000000000000000000000000000000000000000000000000000000000
00000000000000000000000000000000000000000000000000000000000000000000000000000000000000000000000000000000000000000000000000000000000000000000000000000000000000000000000000000000000000000000000000000000000000000000000000000000000000000000000000000000000000000000000000000000000000000000000000000000000000000000000000000000
00000000000000000000000000000000000000000000000000000000000000000000000000000000000000000000000000000000000000000000000000000000000000000000000000000000000000000000000000000000000000000000000000000000000000000000000000000000000000000000000000000000000000000000000000000000000000000000000000000000000000000000000000000000
00000000000000000000000000000000000000000000000000000000000000000000000000000000000000000000000000000000000000000000000000000000000000000000000000000000000000000000000000000000000000000000000000000000000000000000000000000000000000000000000000000000000000000000000000000000000000000000000000000000000000000000000000000000
00000000000000000000000000000000000000000000000000000000000000000000000000000000000000000000000000000000000000000000000000000000000000000000000000000000000000000000000000000000000000000000000000000000000000000000000000000000000000000000000000000000000000000000000000000000000000000000000000000000000000000000000000000000
00000000000000000000000000000000000000000000000000000000000000000000000000000000000000000000000000000000000000000000000000000000000000000000000000000000000000000000000000000000000000000000000000000000000000000000000000000000000000000000000000000000000000000000000000000000000000000000000000000000000000000000000000000000
00000000000000000000000000000000000000000000000000000000000000000000000000000000000000000000000000000000000000000000000000000000000000000000000000000000000000000000000000000000000000000000000000000000000000000000000000000000000000000000000000000000000000000000000000000000000000000000000000000000000000000000000000000000
00000000000000000000000000000000000000000000000000000000000000000000000000000000000000000000000000000000000000000000000000000000000000000000000000000000000000000000000000000000000000000000000000000000000000000000000000000000000000000000000000000000000000000000000000000000000000000000000000000000000000000000000000000000
00000000000000000000000000000000000000000000000000000000000000000000000000000000000000000000000000000000000000000000000000000000000000000000000000000000000000000000000000000000000000000000000000000000000000000000000000000000000000000000000000000000000000000000000000000000000000000000000000000000000000000000000000000000
00000000000000002000200020002000202020202020202020202020202020202020202020202020202022202220222022202220222222222222222222222222222222222222222222222222222222222222222222222222222222222222222122212221222121212121312131213131313131313131313131313131313131313131313131313131313131313131313131313331333133313331333133313331
00000000000000000000000000000000000000000000000000000000000200020002000200020202020202020202020202020202020202020202020202020202020202020222022202220222022212221222122212121212121212121212121212121212121212121212121211121112111311131113111311131113111311131113111311131313131313131313131313131313131313131313131313131313
00000000000000000000002000200020002000202020202020202020202020202020202020202020202020202020202020222022202220222022222222222222222222222222222222222222222222222222222222222222222222222122212221222121212121212121212121313131313131313131313131313131313131313131313131313131313131313131313131313131313131313131313131313133
00000000000000000000000000000000000000000000000002000200020002000202020202020202020202020202020202020202020202020202020202020202220222022202220222222222222222222212221222122212221212121212121212121212121212121212121212121211131113111311131113131313131313131313131313131313131313131313131313131313131313131313131313131313
00000000000000002000200020002000202020202020202020202020202020202020202020202020202022202220222022202220222222222222222222222222222222222222222222222222222222222222222222222222222222222222222122212221222121212121312131313131313131313131313131313131313131313131313131313131313131313131313131313331333133313331333133313331
00000000000000000000000000000000000000000000000000000000000200020002000200020202020202020202020202020202020202020202020202020202020202020222022202220222022212221222122212121212121212121212121212121212121212121212121211121112111311131113111311131113111311131113111311131313131313131313131313131313131313131313131313131313
00000000000000000000002000200020002000202020202020202020202020202020202020202020202020202020202020222022202220222022222222222222222222222222222222222222222222222222222222222222222222222122212221222121212121212121212121313131313131313131313131313131313131313131313131313131313131313131313131313131313131313131313131313133
00000000000000000000000000000000000000000000000002000200020002000202020202020202020202020202020202020202020202020202020202020202220222022202220222222222222222222212221222122212221212121212121212121212121212121212121212121211131113111311131113131313131313131313131313131313131313131313131313131313131313131313131313131313
00000000000000002000200020002000202020202020202020202020202020202020202020202020202022202220222022202220222222222222222222222222222222222222222222222222222222222222222222222222222222222222222122212221222121212121312131313131313131313131313131313131313131313131313131313131313131313131313131313331333133313331333133313331
00000000000000000000000000000000000000000000000000000000000200020002000200020202020202020202020202020202020202020202020202020202020202020222022202220222022212221222122212121212121212121212121212121212121212121212121211121112111311131113111311131113111311131113111311131313131313131313131313131313131313131313131313131313
00000000000000000000002000200020002000202020202020202020202020202020202020202020202020202020202020222022202220222022222222222222222222222222222222222222222222222222222222222222222222222122212221222121212121212121212121313131313131313131313131313131313131313131313131313131313131313131313131313131313131313131313131313133
00000000000000000000000000000000000000000000000002000200020002000202020202020202020202020202020202020202020202020202020202020202220222022202220222222222222222222212221222122212221212121212121212121212121212121212121212121211131113111311131113131313131313131313131313131313131313131313131313131313131313131313131313131313
00000000000000002000200020002000202020202020202020202020202020202020202020202020202022202220222022202220222222222222222222222222222222222222222222222222222222222222222222222222222222222222222122212221222121212121312131313131313131313131313131313131313131313131313131313131313131313131313131313331333133313331333133313331
