000000000000000000000000000000000000000000000000000000000000000000000000000000000000000000000000
010101010101010101010101010101010101010101010101010101010101010101010101010101010101010101010100
000000000000000000000000000000000000000000000000000000000000000000000000000000000000000000000020
020202020202020202020202020202020202020202020202020202020202020202020202020202020202020202020100
001001001001001001001001001001001001001001001001001001001001001001001001001001001001001001000020
200202122122102100200200200200200200200200200200200200200200200200200200200200200200200200202001
021020201020212201020010020010020010020010020010020010020020020020020020010020010020010020010100
202012120313203102001020102020102020102020102020102020102010102010201010202010202010202010200202
010202102202130320202002001002001002001002001002001002001020200202020202010200100200100200102001
020010230121020200100201020201020200202020202020202020202002020102010202020212021020201020200200
020200002002020120221020202020201020100101020101020201020201022021202203021020202021020202020102
010022102120303021020212121212022021020202002020201020202020203202030302302020302102020100102020
202000202030303203212020202020302102202020201020020202010202030203020303020303020202020202020202
020210202020220302020302030303202020201020102020202020202020302030303020203020203020302020201020
201020201020202020302030202020201202020202020201020102020203020302020203030203203203203212022021
020202020202010202020202032030320203032021202122022020203020203020303020303230320320220202102102
202020202020202020202032203203022032020302022020303221203030302030202203220203030203030302030220
020202012021020203021203030220303203203220303032020302322202030302303030232322222303203032203032
202102202020202020200203022032030302030203220302322030203230302220222203020203030220302202032202
202020202020220302032020203203202223203030203220203223230203020303030320303030203030220303020202
203203021203032032202303030202030200320302302032030202022322232232222032222222220202030202020302
230222202230302203030222222323202032022020223022322323230203030303033203020302032220302020302020
022030323022020020202003030202223022203232302303020302032332323233302030202002002032022222022203
203222020300203001002030020220302203230202230222323232322030323302030200200200300202203020302302
220203220202000200200102002002020320202230222203020203032322300020200020010102020020322222220220
032220202001020102020020200100200002220302030322232322202000020200102010202002001010002030223022
200222010202010200102000102020012020003022222020302020300203001010200202000200102002020322022220
020000200200020020200210200201000201020000203232222030020100202002020010201020020202002022302032
002010020012002001020000020010220020002020030202020202002020020200010200020000200010200202223220
000002001000201020001020201020002002000001002232001000201002000012002020100200001002010010220202
020200102020100202020000000200201010020100200000302020100200010000200100020010200200020202032300
001002000202020010001020102002010200200020002020200201020001002020020202000200010020200200200020
020000020010002002000200020020020000010002000010020010000200200001010000100002002000102010020000
000201001002020200102002000001002020002000102002001020200020002000020202020100200010020020201020
020002000200201002000020020100200001020200020000202000020100010020200010000020002002002001000000
001000200020100200020100000020010200000010200201000202000000002001002000202001010020010100200200
020200010200020000100002002002000010201000001000200000102002000100000020000100002000200202000001
000010200002000200020200000100020000020020200200010200000000020020020001020020200100000020020000
020000000200100002000000100020000202002000000020000002020102000000000100001000010020020000000100
001020020010020000010200020001020000100010020100200200000000002010200020200002002000000102010002
000200000002000201000002000000000020002000000020000001002002000000002000010200000201020000000200
020002010200000000002000002020020000200020100000100100000000010020000001000000200000000200200000
001000000010101010100101010001001010010000010100020001010101002001010100201010010101010010010100
010010101000000000010000001010100001001010100010101010002002010102000010000001000000001001000010
000100000101010101001010100000010100100000010000000001010100102010010001010100101010100100101000
010010100000000000100000010101000010010101001010101000000201020102001000000010000000010010000101
000000010101010100010101000000101001000000100000000101010010010020000101010001010101001000100000
010101000000000010000000101010000100010100010101010000001002002010100000001000000000100010010100
000000010101010001010100000000100001000010000000000101000200101000001010100101010100001000000010
001010000000000100000000100100001000010000101010100000010010020302000000000000000001000010101000
000000100100000000000000000000100010000100000000001010001002000030001001010100100100010000000000
001000000000200000000200000000000000100001001001000000100000010000000000000000000000000000000000
000000000000000002000000002000000000000100000000001000000000000000100000000000000000000020002000
000001002000000200000000200000200020000000010000100000000100000000000020002002002002002000000000