# CGA DITHER CONVERTER
# SOURCE: signal-study.cga
# OUTPUT: 320x200
# PALETTE: CGA 1 · cyan / magenta
# DITHER: Bayer 4×4
# FORMAT: one digit per pixel, 0–3
# --- BEGIN GRID ---
13231323132313231323132313231323132313231323132313231323132313231323132313231323132313231323132313231323132313231323132313231323132313231323132313231323132313231323132313231323132313231323132313231323132313231323132313231323132313231323132313231323132313231323132313231323132313231323132313231323132313231323132313231323
32323232323232323232323232323232323232323232323232323232323232323232323232323232323232323232323232323232323232323232323232323232323232323232323232323232323232323232323232323232323232323232323232323232323232323232323232323232323232323232323232323232323232323232323232323232323232323232323232323232323232323232323232323232
23132313231323132313231323132313231323132313231323132313231323132313231323132313231323132313231323132313231323132313231323132313231323132313231323132313231323132313231323132313231323132313231323132313231323132313231323132313231323132313231323132313231323132313231323132313231323132313231323132313231323132313231323132313
32323232323232323232323232323232323232323232323232323232323232323232323232323232323232323232323232323232323232323232323232323232323232323232323232323232323232323232323232323232323232323232323232323232323232323232323232323232323232323232323232323232323232323232323232323232323232323232323232323232323232323232323232323232
13231323132313231323132313231323132313231323132313231323132313231323132313231323132313231323132313231323132313231323132313231323132313231323132313231323132313231323132313231323132313231323132313231323132313231323132313231323132313231323132313231323132313231323132313231323132313231323132313231323132313231323132313231323
32323232323232323232323232323232323232323232323232323232323232323232323232323232323232323232323232323232323232323232323232323232323232323232323232323232323232323232323232323232323232323232323232323232323232323232323232323232323232323232323232323232323232323232323232323232323232323232323232323232323232323232323232323232
23132313231323132313231323132313231323132313231323132313231323132313231323132313231323132313231323132313231323132313231323132313231323132313231323132313231323132313231323132313231323132313231323132313231323132313231323132313231323132313231323132313231323132313231323132313231323132313231323132313231323132313231323132313
32323232323232323232323232323232323232323232323232323232323232323232323232323232323232323232323232323232323232323232323232323232323232323232323232323232323232323232323232323232323232323232323232323232323232323232323232323232323232323232323232323232323232323232323232323232323232323232323232323232323232323232323232323232
13231323132313231323132313231323132313231323132313231323132313231323132313231323132313231323132313231323132313231323132313231323132313231323132313231323132313231323132313231323132313231323132313231323132313231323132313231323132313231323132313231323132313231323132313231323132313231323132313231323132313231323132313231323
32323232323232323232323232323232323232323232323232323232323232323232323232323232323232323232323232323232323232323232323232323232323232323232323232323232323232323232323232323232323232323232323232323232323232323232323232323232323232323232323232323232323232323232323232323232323232323232323232323232323232323232323232323232
23132313231323132313231323132313231323132313231323132313231323132313231323132313231323132313231323132313231323132313231323132313231323132313231323132313231323132313231323132313231323132313231323132313231323132313231323132313231323132313231323132313231323132313231323132313231323132313231323132313231323132313231323132313
32323232323232323232323232323232323232323232323232323232323232323232323232323232323232323232323232323232323232323232323232323232323232323232323232323232323232323232323232323232323232323232323232323232323232323232323232323232323232323232323232323232323232323232323232323232323232323232323232323232323232323232323232323232
13231323132313231323132313231323132313231323132313231323132313231323132313231323132313231323132313231323132313231323132313231323132313231323132313231323132313231323132313231323132313231323132313231323132313231323132313231323132313231323132313231323132313231323132313231323132313231323132313231323132313231323132313231323
32323232323232323232323232323232323232323232323232323232323232323232323232323232323232323232323232323232323232323232323232323232323232323232323232323232323232323232323232323232323232323232323232323232323232323232323232323232323232323232323232323232323232323232323232323232323232323232323232323232323232323232323232323232
23132313231323110313021321132313231303132313011322032202231323132313231322032202231113132313231323132313231323132313231323132313231323132313231323132313231323132313231323132313231323132313231323132313231323132313231323132313231323132313231323132313231323132313231323132313231323132313231323132313231323132313231323132313
32323232323232223030321230323232323222323231212221123020323232323232323221123020321122323232323232323232323232323232323232323232323232323232323232323232323232323232323232323232323232323232323232323232323232323232323232323232323232323232323232323232323232323232323232323232323232323232323232323232323232323232323232323232
13231323132313031321132312031323132113231323012313120203032313210223132313120203012112231323132313231323132313231323132313231323132313231323132313231323132313231323132313231323132313231323132313231323132313231323132313231323132313231323132313231323132313231323132313231323132313231323132313231323132313231323132313231323
32323232323232223231312212223232323132323232322232222222223232301232323232222222203131323232323232323232323232323232323232323232323232323232323232323232323232323232323232323232323232323232323232323232323232323232323232323232323232323232323232323232323232323232323232323232323232323232323232323232323232323232323232323232
23132313231323032111230303022313230323132311230311131111131323132213231311131111120303132313231323132313231323132313231323132313231323132313231323132313231323132313231323132313231323132313231323132313231323132313231323132313231323132313231323132313231323132313231323132313231323132313231323132313231323132313231323132313
32323232323232312232211232303232322232323232213220103221323232323232323220103221323032323232323232323232323232323232323232323232323232323232323232323232323232323232323232323232323232323232323232323232323232323232323232323232323232323232323232323232323232323232323232323232323232323232323232323232323232323232323232323232
13231323132313231323132313231323132313231323132313231323132313231323132313231323132313231323132313231323132313231323132313231323132313231323132313231323132313231323132313231323132313231323132313231323132313231323132313231323132313231323132313231323132313231323132313231323132313231323132313231323132313231323132313231323
32323232323232323232323232323232323232323232323232323232323232323232323232323232323232323232323232323232323232323232323232323232323232323232323232323232323232323232323232323232323232323232323232323232323232323232323232323232323232323232323232323232323232323232323232323232323232323232323232323232323232323232323232323232
23132313231323132313231323132313231323132313231323132313231323132313231323132313231323132313231323132313231323132313231323132313231323132313231323132313231323132313231323132313231323132313231323132313231323132313231323132313231323132313231323132313231323132313231323132313231323132313231323132313231323132313231323132313
32323232323232323232323232323232323232323232323232323232323232323232323232323232323232323232323232323232323232323232323232323232323232323232323232323232323232323232323232323232323232323232323232323232323232323232323232323232323232323232323232323232323232323232323232323232323232323232323232323232323232323232323232323232
13231323132313231323132313231323132313231323132313231323132313231323132313231323132313231323132313231323132313231323132313231323132313231323132313231323132313231323132313231323132313231323132313231323132313231323132313231323132313231323132313231323132313231323132313231323132313231323132313231323132313231323132313231323
32323232323232323232323232323232323232323232323232323232323232323232323232323232323232323232323232323232323232323232323232323232323232323232323232323232323232323232323232323232323232323232323232323232323232323232323232323232323232323232323232323232323232323232323232323232323232323232323232323232323232323232323232323232
23132313231323132313231322132313231323132213231323132313231323132313231323132313231323132313231323132313231323132313231323132313231323132313231323132313231323132313231323132313231323132313231323132313231323132313231323132313231323132313231323132313231323132313231323132313231323132313231323132313231323132313231323132313
32323232323232303131323231313132323232223232323132223232323121313122323232323232323232323232323232323232323232323232323232323232323232323232323232323232323232323232323232323232323232323232323232323232323232323232323232323232323232323232323232323232323232323232323232323232323232323232323232323232323232323232323232323232
13231323132313230222122112021203132313220313122203030323131201021203132313231323132313231323132313231323132313231323132313231323132313231323132313231323132313231323132313231323132313231323132313231323132313231323132313231323132313231323132313231323132313231323132313231323132313231323132313231323132313231323132313231323
32323232323232323031323231313022323232322232323222322232322221313222323232323232323232323232323232323232323232323232323232323232323232323232323232323232323232323232323232323232323232323232323232323232323232323232323232323232323232323232323232323232323232323232323232323232323232323232323232323232323232323232323232323232
23132313231323132313231323132313211323132313230322131313231123022303231323132313231323132313231323132313231323132313231323132313231323132313231323132313231323132313231323132313231323132313231323132313231323132313231323132313231323121212121223132313231323132313231323132313231323132313231323132313231323132313231323132313
32323232323232323232323232323232323232323232323232323232323232323232323232323232323232323232323232323232323232323232323232323232323232323232323232323232323232323232323232323232323232323232323232323232323232323232323232323232323132313231323132313232323232323232323232323232323232323232323232323232323232323232323232323232
13231323132313231323132313231323132313231323132313231323132313231323132313231323132313231323132313231323132313231323132313231323132313231323132313231323132313231323132313231323132313231323132313231323132313231323132313231212021202120212021202120212132313231323132313231323132313231323132313231323132313231323132313231323
32323232323232323232323232323232323232323232323232323232323232323232323232323232323232323232323232323232323232323232323232323232323232323232323232323232323232323232323232323232323232323232323232323232323232323232323232323131313121312131213121312131323232323232323232323232323232323232323232323232323232323232323232323232
23132313231323132313231323132313231323132313231323132313231323132313231323132313231323132313231323132313231323132313231323132313231323132313231323132313231323132313231323132313231323132313231323132313231323132313231323121212121212121212121212121212121223132313231323132313231323132313231323132313231323132313231323132313
32323232323232323232323232323232323232323232323232323232323232323232323232323232323232323232323232323232323232323232323232323232323232323232323232323232323232323232323232323232323232323232323232323232323232323232323232313231323132313231323132313231323132323232323232323232323232323232323232323232323232323232323232323232
13231323132313231323132313231323132313231323132313231323132313231323132313231323132313231323132313231323132313231323132313231323132313231323132313231323132313231323132313231323132313231323132313231323132313231323131202120212021202120212021202120212021202131323132313231323132313231323132313231323132313231323132313231323
32323232323232323232323232323232323232323232323232323232323232323232323232323232323232323232323232323232323232323232323232323232323232323232323232323232323232323232323232323232323232323232323232323232323232323232323121312131213121312131213121312131213121323232323232323232323232323232323232323232323232323232323232323232
23132313231323132313231323132313231323132313231323132313231323132313231323132313231323132313231323132313231323132313231323132313231323132313231323132313231323132313231323132313231323132313231323132313231323132313121212121212121212121212121212121212121212121313231323132313231323132313231323132313231323132313231323132313
32323232323232323232323232323232323232323232323232323232323232323232323232323232323232323232323232323232323232323232323232323232323232323232323232323232323232323232323232323232323232323232323232323232323232323232323132313231323132313231323132313231323132313232323232323232323232323232323232323232323232323232323232323232
13231323132313231323132313231323132313231323132313231323132313231323132313231323132313231323132313231323132313231323132313231323132313231323132313231323132313231323132313231323132313231323132313231323132313231312021202120212021202120212021202120212021202121213132313231323132313231323132313231323132313231323132313231323
32323232323232323232323232323232323232323232323232323232323232323232323232323232323232323232323232323232323232323232323232323232323232323232323232323232323232323232323232323232323232323232323232323232323232323131213121312131213121312131213121312131213121312131323232323232323232323232323232323232323232323232323232323232
23132313231323132313231323132313231323132313231323132313231323132313231323132313231323132313231323132313231323132313231323132313231323132313231323132313231323132313231323132313231323132313231323132313231323131212121212121212121212121212121212121212121212121212131323132313231323132313231323132313231323132313231323132313
32323232323232323232323232323232323232323232323232323232323232323232323232323232323232323232323232323232323232323232323232323232323232323232323232323232323232323232323232323232323232323232323232323232323232323231323132313231323132313231323132313231323132313231323232323232323232323232323232323232323232323232323232323232
13231323132313231323132313231323132313231323132313231323132313231323132313231323132313231323132313231323132313231323132313231323132313231323132313231323132313231323132313231323132313231323132313231323132313220212021202120212021202120212021202120212021202120212021313231323132313231323132313231323132313231323132313231323
32323232323232323232323232323232323232323232323232323232323232323232323232323232323232323232323232323232323232323232323232323232323232323232323232323232323232323232323232323232323232323232323232323232323232312131213121312131213121312131213121312131213121312131213232323232323232323232323232323232323232323232323232323232
23132313231323132313231323132313231323132313231323132313231323132313231323132313231323132313231323132313231323132313231323132313231323132313231323132313231323132313231323132313231323132313231323132313231323121212121212121212121212121212121212121212121212121212121223132313231323132313231323132313231323132313231323132313
32323232323232323232323232323232323232323232323232323232323232323232323232323232323232323232323232323232323232323232323232323232323232323232323232323232323232323232323232323232323232323232323232323232323232313231323132313231323132313231323132313231323132313231323132323232323232323232323232323232323232323232323232323232
13231323132313231323132313231323132313231323132313231323132313231323132313231323132313231323132313231323132313231323132313231323132313231323132313231323132313231323132313231323132313231323132313231323132312120212021202120212021202120212021202120212021202120212021213231323132313231323132313231323132313231323132313231323
32323232323232323232323232323232323232323232323232323232323232323232323232323232323232323232323232323232323232323232323232323232323232323232323232323232323232323232323232323232323232323232323232323232323231312131213121312131213121312131213121312131213121312131213122323232323232323232323232323232323232323232323232323232
23132313231323132313231323132313231323132313231323132313231323132313231323132313231323132313231323132313231323132313231323132313231323132313231323132313231323132313231323132313231323132313231323132313231312121212121212121212121212121212121212121212121212121212121213132313231323132313231323132313231323132313231323132313
32323232323232323232323232323232323232323232323232323232323232323232323232323232323232323232323232323232323232323232323232323232323232323232323232323232323232323232323232323232323232323232323232323232323232313231323132313231323132313231323132313231323132313231323132323232323232323232323232323232323232323232323232323232
13231323132313231323132313231323132313231323132313231323132313231323132313231323132313231323132313231323132313231323132313231323132313231323132313231323132313231323132313231323132313231323132313231323132302120212021202120212021202120212021202120212021202120212021202231323132313231323132313231323132313231323132313231323
32323232323232323232323232323232323232323232323232323232323232323232323232323232323232323232323232323232323232323232323232323232323232323232323232323232323232323232323232323232323232323232323232323232323121312131213121312131213121312131213121312131213121313131213121323232323232323232323232323232323232323232323232323232
23132313231323132313231323132313231323132313231323132313231323132313231323132313231323132313231323132313231323132313231323132313231323132313231323132313231323132313231323132313231323132313231323132313231212121212121212121212121212121212121212121212121212121212121212132313231323132313231323132313231323132313231323132313
32323232323232323232323232323232323232323232323232323232323232323232323232323232323232323232323232323232323232323232323232323232323232323232323232323232323232323232323232323232323232323232323232323232323132313231323132313231323132313231323132313231323132313231323132323232323232323232323232323232323232323232323232323232
13231323132313231323132313231323132313231323132313231323132313231323132313231323132313231323132313231323132313231323132313231323132313231323132313231323132313231323132313231323132313231323132313231323131202120212021202120212021202120212021202120212021202120212021202131323132313231323132313231323132313231323132313231323
32323232323232323232323232323232323232323232323232323232323232323232323232323232323232323232323232323232323232323232323232323232323232323232323232323232323232323232323232323232323232323232323232323232323121312131213121312131213121312131213121312131213121312131213121323232323232323232323232323232323232323232323232323232
23132313231323132313231323132313231323132313231323132313231323132313231323132313231323132313231323132313231323132313231323132313231323132313231323132313231323132313231323132313231323132313231323132313231212121212121212121212121212121212121212121212121212121212121212122313231323132313231323132313231323132313231323132313
32323232323232323232323232323232323232323232323232323232323232323232323232323232323232323232323232323232323232323232323232323232323232323232323232323232323232323232323232323232323232323232323232323232323132313231323132313231323132313231323132313231323132313231323132323232323232323232323232323232323232323232323232323232
13231323132313231323132313231323132313231323132313231323132313231323132313231323132313231323132313231323132313231323132313231323132313231323132313231323132313231323132313231323132313231323132313231323131202120212021202120212021202120212021202120212021202120212021202121323132313231323132313231323132313231323132313231323
32323232323232323232323232323232323232323232323232323232323232323232323232323232323232323232323232323232323232323232323232323232323232323232323232323232323232323232323232323232323232323232323232323232323121312131213121312131213121312131213121312131213121312131213121323232323232323232323232323232323232323232323232323232
23132313231323132313231323132313231323132313231323132313231323132313231323132313231323132313231323132313231323132313231323132313231323132313231323132313231323132313231323132313231323132313231323132313231212121212121212121212121212121212121212121212121212121212121212122313231323132313231323132313231323132313231323132313
32323232323232323232323232323232323232323232323232323232323232323232323232323232323232323232323232323232323232323232323232323232323232323232323232323232323232323232323232323232323232323232323232323232323132313231323132313231323132313231323132313231323132313231323132313232323232323232323232323232323232323232323232323232
13231323132313231323132313231323132313231323132313231323132313231323132313231323132313231323132313231323132313231323132313231323132313231323132313231323132313231323132313231323132313231323132313231323131202120212021202120212021202120212021202120212021202120212021202121323132313231323132313231323132313231323132313231323
32323232323232323232323232323232323232323232323232323232323232323232323232323232323232323232323232323232323232323232323232323232323232323232323232323232323232323232323232323232323232323232323232323232323121312131213121312131213121312131213121312131213121312131213121323232323232323232323232323232323232323232323232323232
23132313231323132313231323132313231323132313231323132313231323132313231323132313231323132313231323132313231323132313231323132313231323132313231323132313231323132313231323132313231323132313231323132313231212121212121212121212121212121212121212121212121212121212121212122313231323132313231323132313231323132313231323132313
32323232323232323232323232323232323232323232323232323232323232323232323232323232323232323232323232323232323232323232323232323232323232323232323232323232323232323232323232323232323232323232323232323232323132313231323132313231323132313231323132313231323132313231323132323232323232323232323232323232323232323232323232323232
13231323132313231323132313231323132313231323132313231323132313231323132313231323132313231323132313231323132313231323132313231323132313231323132313231323132313231323132313231323132313231323132313231323131202120212021202120212021202120212021202120212021202120212021202131323132313231323132313231323132313231323132313231323
32323232323232323232323232323232323232323232323232323232323232323232323232323232323232323232323232323232323232323232323232323232323232323232323232323232323232323232323232323232323232323232323232323232323121312131213121312131213121312131213121312131213121312131213121323232323232323232323232323232323232323232323232323232
23132313231323132313231323132313231323132313231323132313231323132313231323132313231323132313231323132313231323132313231323132313231323132313231323132313231323132313231323132313231323132313231323132313231212121212121212121212121212121212121212121212121212121212121212132313231323132313231323132313231323132313231323132313
32323232323232323232323232323232323232323232323232323232323232323132323232323232323232323232323232323232323232323232323232323232323232323232323232323232323232323232323232323232323232323232323232323232323132313231323132313231323132313231323132313231323132313231323132323232323232323232323232323232323232323232323232323232
13231323132313231323132313231323132313231323132313231323132313230103132313231323132313231323132313231323132313231323132313231323132313231323132313231323132313231323132313231323132313231323132313231323132202120212021202120212021202120212021202120212021202120212021202131323132313231323132313231323132313231323132313231323
32323232323232323232323232323232323232323232323232323232323232312021323232323232323232323232323232323232323232323232323232323232323232323232323232323232323232323232323232323232323232323232323232323232323221312131213121312131213121312131213121312131213121312131213121323232323232323232323232323232323232323232323232323232
23132313231323132313231323132313231323132313231323132313231323010201131323132313231323132313231323132313231323132313231323132313231323132313231323132313231323132313231323132313231323132313231323132313231312121212121212121212121212121212121212121212121212121212121212132313231323132313231323132313231323132313231323132313
32323232323232323232323232323232323232323232323232323232323231212121223232323232323232323232323232323232323232323232323232323232323232323232323232323232323232323232323232323232323232323232323232323232323232313231323132313231323132313231323132313231323132313231323132323232323232323232323232323232323232323232323232323232
13231323132313231323132313231323132313231323132313231323132301010101012313231323132313231323132313231323132313231323132313231323132313231323132313231323132313231323132313231323132313231323132313231323132312120212021202120212021202120212021202120212021202120212021213231323132313231323132313231323132313231323132313231323
32323232323232323232323232323232323232323232323232323232323120212021202232323232323232323232323232323232323232323232323232323232323232323232323232323232323232323232323232323232323232323232323232323232323231312131213121312131213121312131213121312131213121312131213132323232323232323232323232323232323232323232323232323232
23132313231323132313231323132313231323132313231323132313230102010201020223132313231323132313231323132313231323132313231323132313231323132313231323132313231323132313231323132313231323132313231323132313231323121212121212121212121212121212121212121212121212121212121223132313231323132313231323132313231323132313231323132313
32323232323232323232323232323232323232323232323232323232322121212121212132323232323232323232323232323232323232323232323232323232323232323232323232323232323232323232323232323232323232323232323232323232323232313231323132313231323132313231323132313231323132313231323232323232323232323232323232323232323232323232323232323232
13231323132313231323132313231323132313231323132313231323110101010101010103231323132313231323132313231323132313231323132313231323132313231323132313231323132313231323132313231323132313231323132313231323132313220212021202120212021202120212021202120212021202120212021313231323132313231323132313231323132313231323132313231323
32323232323232323232323232323232323232323232323232323232202120212021202120323232323232323232323232323232323232323232323232323232323232323232323232323232323232323232323232323232323232323232323232323232323232322131213121312131213121312131213121312131213121312131213232323232323232323232323232323232323232323232323232323232
23132313231323132313231323132313231323132313231323132311020102010201020102132313231323132313231323132313231323132313231323132313231323132313231323132313231323132313231323121313231323132313231323132313231323131212121212121212121212121212121212121212121212121212131323132313231323132313231323132313231323132313231323132313
32323232323232323232323232323232323232323232323232323221212121212121212121223232323232323232323232323232323232323232323232323232323232323232323232323232323232323232323232313232323232323232323232323232323232323231323132313231323132313231323132313231323132313231323232323232323232323232323232323232323232323232323232323232
13231323132313231323132313231323132313231323132313231101010101010101010101011323132313231323132313231323132313231323132313231323132313231323132313231323132313231323132312120212132313231323132313231323132313231212021202120212021202120212021202120212021202120212132313231323132313231323132313231323132313231323132313231323
32323232323232323232323232323232323232323232323232322021202120212021202120212232323232323232323232323232323232323232323232323232323232323232323232323232323232323232323221312131223232323232323232323232323232323231213121312131213121312131213121312131213121312132323232323232323232323232323232323232323232323232323232323232
23132313231323132313231323132313231323132313231323110201020102010201020102010213231323132313231323132313231323132313231323132313231323132313231323132313231323132313231212121212121323132313231323132313231323132313121212121212121212121212121212121212121212121313231323132313231323132313231323132313231323132313231323132313
32323232323232323232323232323232323232323232323232212121212121212121212121212132323232323232323232323232323232323232323232323232323232323232323232323232323232323232323132313231323232323232323232323232323232323232323132313231323132313231323132313231323132313232323232323232323232323232323232323232323232323232323232323232
13231323132313231323132313231323132313231323132311010101010101010101010101010103132313231323132313231323132313231323132313231323132313231323132313231323132313231323021202120212021202231323132313231323132313231323131202120212021202120212021202120212021202131323132313231323132313231323132313231323132313231323132313231323
32323232323232323232323232323232323232323232323220212021202120212021202120212021323232323232323232323232323232323232323232323232323232323232323232323232323232323231213121312131213121323232323232323232323232323232323221312131213121312131213121312131213121323232323232323232323232323232323232323232323232323232323232323232
23132313231323132313231323132313231323132313231102010201020102010201020102010201131323132313231323132313231323132313231323132313231323132313231323132313231323132312121212121212121212122313231323132313231323132313231322121212121212121212121212121212121213132313231323132313231323132313231323132313231323132313231323132313
32323232323232323232323232323232323232323232322121212121212121212121212121212121223232323232323232323232323232323232323232323232323232323232323232323232323232323231323132313231323132313232323232323232323232323232323232313231323132313231323132313231323232323232323232323232323232323232323232323232323232323232323232323232
13231323132313231323132313231323132313231323110101010101010101010101010101010101012313231323132313231323132313231323132313231323132313231323132313231323132313220212021202120212021202120213132313231323132313231323132313231212021202120212021202120212122313231323132313231323132313231323132313231323132313231323132313231323
32323232323232323232323232323232323232323232302120212021202120212021202120212021202232323232323232323232323232323232323232323232323232323232323232323232323232312131213121312131213121312131323232323232323232323232323232323231213121312131213121312132323232323232323232323232323232323232323232323232323232323232323232323232
23132313231323132313231323132313231323132311020102010201020102010201020102010201020323132313231323132313231323132313231323132313231323132313231323132313231322121212121212121212121212121212131323132313231323132313231323132313231212121212121212122313231323132313231323132313231323132313231323132313231323132313231323132313
32323232323232323232323232323232323232323221212121212121212121212121212121212121212132323232323232323232323232323232323232323232323232323232323232323232323232313231323132313231323132313231323232323232323232323232323232323232323232323231323232323232323232323232323232323232323232323232323232323232323232323232323232323232
13231323132313231323132313231323132313231101010101010101010101010101010101010101010103231323132313231323132313231323132313231323132313231323132313231323131202120212021202120212021202120212021213231323132313231323132313231323132313231323132313231323132313231323132313231323132313231323132313231323132313231323132313231323
32323232323232323232323232323232323232322021202120212021202120212021202120212021202121323232323232323232323232323232323232323232323232323232323232323232313121312131213121312131213121312131213122323232323232323232323232323232323232323232323232323232323232323232323232323232323232323232323232323232323232323232323232323232
23132313231323132313231323132313231323110201020102010201020102010201020102010201020102132313231323132313231323132313231323132313231323132313231323132313121212121212121212121212121212121212121212132313231323132313231323132313231323132313231323132313231323132313231323132313231323132313231323132313231323132313231323132313
32323232323232323232323232323232323232212121212121212121212121212121212121212121212121223232323232323232323232323232323232323232323232323232323232323232323132313231323132313231323132313231323132313232323232323232323232323232323232323232323232323232323232323232323232323232323232323232323232323232323232323232323232323232
13231323132313231323132313231323132311010101010101010101010101010101010101010101010101011323132313231323132313231323132313231323132313231323132313231212021202120212021202120212021202120212021202120223132313231323132313231323132313231323132313231323132313231323132313231323132313231323132313231323132313231323132313231323
32323232323232323232323232323232323220212021202120212021202120212021202120212021202120212232323232323232323232323232323232323232323232323232323232323131213121312131213121312131213121312131213121312132323232323232323232323232323232323232323232323232323232323232323232323232323232323232323232323232323232323232323232323232
23132313231323132313231323132313231202010201020102010201020102010201020102010201020102010213231323132313231323132313231323132313231323132313231323121212121212121212121212121212121212121212121212121212231323132313231323132313231323132313231323132313231323132313231323132313231323132313231323132313231323132313231323132313
32323232323232323232323232323232323121212121212121212121212121212121212121212121212121212132323232323232323232323232323232323232323232323232323232313231323132313231323132313231323132313231323132313231323232323232323232323232323232323232323232323232323232323232323232323232323232323232323232323232323232323232323232323232
13231323132313231323132313231323130101010101010101010101010101010101010101010101010101010103132313231323132313231323132313231323132313231323132312120212021202120212021202120212021202120212021202120212022313231323132313231323132313231323132313231323132313231323132313231323132313231323132313231323132313231323132313231323
32323232323232323232323232323232302120212021202120212021202120212021202120212021202120212022323232323232323232323232323232323232323232323232323221312131213121312131213121312131213121312131213121312131213132323232323232323232323232323232323232323232323232323232323232323232323232323232323232323232323232323232323232323232
23132313231323132313231323132313020102010201020102010201020102010201020102010201020102010201231323132313231323132313231323132313231323132313231212121212121212121212121212121212121212121212121212121212121213132313231323132313231323132313231323132313231323132313231323132313231323132313231323132313231323132313231323132313
32323232323232323232323232323231212121212121212121212121212121212121212121212121212121212121223232323232323232323232323232323232323232323232323132313231323132313231323132313231323132313231323132313231323132323232323232323232323232323232323232323232323232323232323232323232323232323232323232323232323232323232323232323232
13231323132313231323132313231301010101010101010101010101010101010101010101010101010101010101022313231323132313231323132313231323132313231323021202120212021202120212021202120212021202120212021202120212021202121323132313231323132313231323132313231323132313231323132313231323132313231323132313231323132313231323132313231323
32323232323232323232323232323021202120212021202120212021202120212021202120212021202120212021202232323232323232323232323232323232323232323231213121312131213121312131213121312131213121312131213121312131213121313232323232323232323232323232323232323232323232323232323232323232323232323232323232323232323232323232323232323232
23132313231323132313231323120201020102010201020102010201020102010201020102010201020102010201020223132313231323132313231323132313231323132312121212121212121212121212121212121212121212121212121212121212121212121213231323132313231323132313231323132313231323132313231323132313231323132313231323132313231323132313231323132313
32323232323232323232323232312121212121212121212121212121212121212121212121212121212121212121212132323232323232323232323232323232323232323231323132313231323132313231323132313231323132313231323132313231323132313232323232323232323232323232323232323232323232323232323232323232323232323232323232323232323232323232323232323232
13231323132313231323132313010101010101010101010101010101010101010101010101010101010101010101010103231323132313231323132313231323132313220212021202120212021202120212021202120212021202120212021202120212021202120212022313231323132313231323132313231323132313231323132313231323132313231323132313231323132313231323132313231323
32323232323232323232323230212021202120212021202120212021202120212021202120212021202120212021202121323232323232323232323232323232323232312131213121312131213121312131213121312131213121312131213121312131213121312131213232323232323232323232323232323232323232323232323232323232323232323232323232323232323232323232323232323232
23132313231323132313231302010201020102010201020102010201020102010201020102010201020102010201020102132313231323132313231323132313231322121212121212121212121212121212121212121212121212121212121212121212121212121212121223132313231323132313231323132313231323132313231323132313231323132313231323132313231323132313231323132313
32323232323232323232323121212121212121212121212121212121212121212121212121212121212121212121212121223232323232323232323232323232323232313231323132313231323132313231323132313231323132313231323132313231323132313231323132323232323232323232323232323232323232323232323232323232323232323232323232323232323232323232323232323232
13231323132313231323130101010101010101010101010101010101010101010101010101010101010101010101010101011323132313231323132313231323131202120212021202120212021202120212021202120212021202120212021202120212021202120212021202131323132313231323132313231323132313231323132313231323132313231323132313231323132313231323132313231323
32301232302032201032312120212021202120212021202120212021202120212021202120212021202120212021202120213232323232323032323232323222323121312131213121312131213121312131213121312131213121312131213121312131213121312131213121313232323232323232323232323232323232323232323232323232323232323232323232323232323232323232323232323232
01010101010101010101020102010201020102010201020102010201020102010201020102010201020102010201020102010101010101010101010101010101021212121212121212121212121212121212121212121212121212121212121212121212121212121212121212121201010101010101010101010101010101010101010101010101010101010101010101010101010101010101010101010101
20102010201020102011212121212121212121212121212121212121212121212121212121212121212121212121212121212110201020102010201020102021323132313231323132313231323132313231323132313231323132313231323132313231323132313231323132313210201020102010201020102010201020102010201020102010201020102010201020102010201020102010201020102010
01010101010101010101010101010101010101010101010101010101010101010101010101010101010101010101010101010101010101010101010101010112021202120212021202120212021202120212021202120212021202120212021202120212021202120212021202120211010101010101010101010101010101010101010101010101010101010101010101010101010101010101010101010101
10201020102010201021202120212021202120212021202120212021202120212021202120212021202120212021202120212021102010201020102010202131213121312131213121312131213121312131213121312131213121312131213121312131213121312131213121312131202010201020102010201020102010201020102010201020102010201020102010201020102010201020102010201020
01010101010101010201020102010201020102010201020102010201020102010201020102010201020102010201020102010201010101010101010101021212121212121212121212121212121212121212121212121212121212121212121212121212121212121212121212121212120101010101010101010101010101010101010101010101010101010101010101010101010101010101010101010101
20102010201020102121212121212121212121212121212121212121212121212121212121212121212121212121212121212121201020102010201020213231323132313231323132313231323132313231323132313231323132313231323132313231323132313231323132313231323120102010201020102010201020102010201020102010201020102010201020102010201020102010201020102010
01010101010101010101010101010101010101010101010101010101010101010101010101010101010101010101010101010101010101010101010102120212021202120212021202120212021202120212021202120212021202120212021202120212021202120212021202120212021201010101010101010101010101010101010101010101010101010101010101010101010101010101010101010101
10201020102010212021202120212021202120212021202120212021202120212021202120212021202120212021202120212021202010201020102021312131213121312131213121312131213121312131213121312131213121312131213121312131213121312131213121312131213121201020102010201020102010201020102010201020102010201020102010201020102010201020102010201020
01010101010102010201020102010201020102010201020102010201020102010201020102010201020102010201020102010201020101010101010212121212121212121212121212121212121212121212121212121212121212121212121212121212121212121212121212121212121212120101010101010101010101010101010101010101010101010101010101010101010101010101010101010101
20102010201021212121212121212121212121212121212121212121212121212121212121212121212121212121212121212121212120102010223132313231323132313231323132313231323132313231323132313231323132313231323132313231323132313231323132313231323132313110201020102010201020102010201020102010201020102010201020102010201020102010201020102010
01010101010101010101010101010101010101010101010101010101010101010101010101010101010101010101010101010101010101010101021202120212021202120212021202120212021202120212021202120212021202120212021202120212021202120212021202120212021202120201010101010101010101010101010101010101010101010101010101010101010101010101010101010101
10201020102120212021202120212021202120212021202120212021202120212021202120212021202120212021202120212021202120201021213121312131213121312131213121312131213121312131213121312131213121312131213121312131213121312131213121312131213121312131102010201020102010201020102010201020102010201020102010201020102010201020102010201020
01010101020102010201020102010201020102010201020102010201020102010201020102010201020102010201020102010201020102010212121212121212121212121212121212121212121212121212121212121212121212121212121212121212121212121212121212121212121212121212120101010101010101010101010101010101010101010101010101010101010101010101010101010101
20102010212121212121212121212121212121212121212121212121212121212121212121212121212121212121212121212121212121203231323132313231323132313231323132313231323132313231323132313231323132313231323132313231323132313231323132313231323132313231322020102010201020102010201020102010201020102010201020102010201020102010201020102010
01010101010101010101010101010101010101010101010101010101010101010101010101010101010101010101010101010101010101020212021202120212021202120212021202120212021202120212021202120212021202120212021202120212021202120212021202120212021202120212021201010101010101010101010101010101010101010101010101010101010101010101010101010101
10201021202120212021202120212021202120212021202120212021202120212021202120212021202120212021202120212021202120312131213121312131213121312131213121312131213121312131213121312131213121312131213121312131213121312131213121312131213121312131213120201020102010201020102010201020102010201020102010201020102010201020102010201020
01010201020102010201020102010201020102010201020102010201020102010201020102010201020102010201020102010201020102121212121212121212121212121212121212121212121212121212121212121212121212121212121212121212121212121212121212121212121212121212121212010101010101010101010101010101010101010101010101010101010101010101010101010101
20102121212121212121212121212121212121212121212121212121212121212121212121212121212121212121212121212121212132313231323132313231323132313231323132313231323132313231323132313231323132313231323132313231323132313231323132313231323132313231323132312010201020102010201020102010201020102010201020102010201020102010201020102010
01010101010101010101010101010101010101010101010101010101010101010101010101010101010101010101010101010101010202120212021202120212021202120212021202120212021202120212021202120212021202120212021202120212021202120212021202120212021202120212021202120101010101010101010101010101010101010101010101010101010101010101010101010101
10212021202120212021202120212021202120212021202120212021202120212021202120212021202120212021202120212021213121312131213121312131213121312131213121312131213121312131213121312131213121312131213121312131213121312131213121312131213121312131213121312120102010201020102010201020102010201020102010201020102010201020102010201020
02010201020102010201020102010201020102010201020102010201020102010201020102010201020102010201020102010201121212121212121212121212121212121212121212121212121212121212121212121212121212121212121212121212121212121212121212121212121212121212121212121212010101010101010101010101010101010101010101010101010101010101010101010101
21212121212121212121212121212121212121212121212121212121212121212121212121212121212121212121212121212121323132313231323132313231323132313231323132313231323132313231323132313231323132313231323132313231323132313231323132313231323132313231323132313231311020102010201020102010201020102010201020102010201020102010201020102010
01010101010101010101010101010101010101010101010101010101010101010101010101010101010101010101010101010101010101010101010101010101010101010101010101010101010101010101010101010101010101010101010101010101010101010101010101010101010101010101010101010101010101010101010101010101010101010101010101010101010101010101010101010101
10201020102010201020102010201020102010201020102010201020102010201020102010201020102010201020102010201020102010201020102010201020102010201020102010201020102010201020102010201020102010201020102010201020102010201020102010201020102010201020102010201020102010201020102010201020102010201020102010201020102010201020102010201020
01010101010101010101010101010101010101010101010101010101010101010101010101010101010101010101010101010101010101010101010101010101010101010101010101010101010101010101010101010101010101010101010101010101010101010101010101010101010101010101010101010101010101010101010101010101010101010101010101010101010101010101010101010101
20102010201020102010201020102010201020102010201020102010201020102010201020102010201020102010201020102010201020102010201020102010201020102010201020102010201020102010201020102010201020102010201020102010201020102010201020102010201020102010201020102010201020102010201020102010201020102010201020102010201020102010201020102010
01010101010101010101010101010101010101010101010101010101010101010101010101010101010101010101010101010101010101010101010101010101010101010101010101010101010101010101010101010101010101010101010101010101010101010101010101010101010101010101010101010101010101010101010101010101010101010101010101010101010101010101010101010101
10201020102010201020102010201020102010201020102010201020102010201020102010201020102010201020102010201020102010201020102010201020102010201020102010201020102010201020102010201020102010201020102010201020102010201020102010201020102010201020102010201020102010201020102010201020102010201020102010201020102010201020102010201020
01010101010101010101010101010101010101010101010101010101010101010101010101010101010101010101010101010101010101010101010101010101010101010101010101010101010101010101010101010101010101010101010101010101010101010101010101010101010101010101010101010101010101010201020102010201020102010201020101010101010101010101010101010101
20102010201020102010201020102010201020102010201020102010201020102010201020102010201020102010201020102010201020102010201020102010201020102010201020102010201020102010201020102010201020102010201020102010201020102010201020102010201020102010201020102010201020112121212121212121212121212121212120102010201020102010201020102010
01010101010101010101010101010101010101010101010101010101010101010101010101010101010101010101010101010101010101010101010101010101010101010101010101010101010101010101010101010101010101010101010101010101010101010101010101010101010101010101010101010101010101020102010201020102010201020102010201010101010101010101010101010101
10201020102010201020102010201020102010201020102010201020102010201020102010201020102010201020102010201020102010201020102010201020102010201020102010201020102010201020102010201020102010201020102010201020102010201020102010201020102010201020102010201020102010212121212121212121212121212121212120201020102010201020102010201020
01010101010101010101010101010101010101010101010101010101010101010101010101010101010101010101010101010101010101010101010101010101010101010101010101010101010101010101010101010101010101010101010101010101010101010101010101010101010101010101010101010101010101010201020102010201020102010201020101010101010101010101010101010101
20102010201020102010201020102010201020102010201020102010201020102010201020102010201020102010201020102010201020102010201020102010201020102010201020102010201020102010201020102010201020102010201020102010201020102010201020102010201020102010201020102010201020112121212121212121212121212121212120102010201020102010201020102010
01010101010101010101010101010101010101010101010101010101010101010101010101010101010101010101010101010101010101010101010101010101010101010101010101010101010101010101010101010101010101010101010101010101010101010101010101010101010101010101010101010101010101020102012313231323132313231302010201010101010101010101010101010101
10201020102010201020102010201020102010201020102010201020102010201020102010201020102010201020102010201020102010201020102010201020102010201020102010201020102010201020102010201020102010201020102010201020102010201020102010201020102010201020102010201020102010212121213232323232323232323221212120201020102010201020102010201020
01010101010101010101010101010101010101010101010101010101010101010101010101010101010101010101010101010101010101010101010101010101010101010101010101010101010101010101010101010101010101010101010101010101010101010101010101010101010101010101010101010101010101010201022323232323232323232301020101010101010101010101010101010101
20102010201020102010201020102010201020102010201020102010201020102010201020102010201020102010201020102010201020102010201020102010201020102010201020102010201020102010201020102010201020102010201020102010201020102010201020102010201020102010201020102010201020112121213233323332333233323321212120102010201020102010201020102010
01010101010101010101010101010101010101010101010101010101010101010101010101010101010101010101010101010101010101010101010101010101010101010101010101010101010101010101010101010101010101010101010101010101010101010101010101010101010101010101010101010101010101020102012313231323132313231302010201010101010101010101010101010101
10201020102010201020102010201020102010201020102010201020102010201020102010201020102010201020102010201020102010201020102010201020102010201020102010201020102010201020102010201020102010201020102010201020102010201020102010201020102010201020102010201020102010212121213232323232323232323221212120201020102010201020102010201020
01010101010101010101010101010101010101010101010101010101010101010101010101010101010101010101010101010101010101010101010101010101010101010101010101010101010101010101010101010101010101010101010101010101010101010101010101010101010101010101010101010101010101010201022323232323232323232301020101010101010101010101010101010101
20102010201020102010201020102232323232323232323232323232323232323232323232323232323232323232323232323232323232323232323232323232323232323232323232323232323232323232323232323232323232323232323220102010201020102010201020102010201020102010201020102010201020112121213233323332333233323321212120102010201020102010201020102010
01010101010101010101010101010213121312131213121312131213121312131213121312131213121312131213121312131213121312131213121312131213121312131213121312131213121312131213121312131213121312131213121301010101010101010101010101010101010101010101010101010101010101020102012313231323132313231302010201010101010101010101010101010101
10201020102010201020102010201232323232323232323232323232323232323232323232323232323232323232323232323232323232323232323232323232323232323232323232323232323232323232323232323232323232323232323210201020102010201020102010201020102010201020102010201020102010212121213232323232323232323221212120201020102010201020102010201020
01010101010101010101010101010101010101010103210103010101010101010101011301032101010101010101010101010101010101010101010101010101010101010101010101010101010101012101010101010101010301012311010101010101010101010101010101010101010101010101010101010101010101010201022323232323232323232301020101010101010101010101010101010101
20102010201020102010201020102010201020102010201020102010201020102010201020102010201020102010201020102010201020102010201020102010201020102010201020102010201020102010201020102010201020102010201020102010201020102010201020102010201020102010201020102010201020112121213233323332333233323321212120102010201020102010201020102010
01010101010101010101010101010101010101010101010101010101010101010101010101010101010101010101010101010101010101010101010101010101010101010101010101010101010101010101010101010101010101010101010101010101010101010101010101010101010101010101010101010101010101020102012313231323132313231302010201010101010101010101010101010101
10201020102010201020102010201020102010201020102010201020102010201020102010201020102010201020102010201020102010201020102010201020102010201020102010201020102010201020102010201020102010201020102010201020102010201020102010201020102010201020102010201020102010212121213232323232323232323221212120201020102010201020102010201020
01010101010101010101010101010101010101010101010101010101010101010101010101010101010101010101010101010101010101010101010101010101010101010101010101010101010101010101010101010101010101010101010101010101010101010101010101010101010101010101010101010101010101010201022323232323232323232301020101010101010101010101010101010101
20102010201020102010201020102010201020102010201020102010201020102010201020102010201020102010201020102010201020102010201020102010201020102010201020102010201020102010201020102010201020102010201020102010201020102010201020102010201020102010201020102010201020112121213233323332333233323321212120102010201020102010201020102010
01010101010101010101010101010101010101010101010101010101010101010101010101010101010101010101010101010101010101010101010101010101010101010101010101010101010101010101010101010101010101010101010101010101010101010101010101010101010101010101010101010101010101020102012313231323132313231302010201010101010101010101010101010101
10201020102010201020102010201020102010201020103232323232323232323232323232323232323232323232323232323232323232323232323232323232323232323232323232323232323232323232323232323020102010201020102010201020102010201020102010201020102010201020102010201020102010212121213232323232323232323221212120201020102010201020102010201020
01010101010101010101010101010101010101010101011323132313231323132313231323132313231323132313231323132313231323132313231323132313231323132313231323132313231323132313231323132101010101010101010101010101010101010101010101010101010101010101010101010101010101010201022323232323232323232301020101010101010101010101010101010101
20102010201020102010201020102010201020102010203232323232323232323232323232323232323232323232323232323232323232323232323232323232323232323232323232323232323232323232323232323010201020102010201020102010201020102010201020102010201020102010201020102010201020112121213233323332333233323321212120102010201020102010201020102010
01010101010101010101010101010101010101010101010101010101010101010101010101010101010101010101010101010101010101010101010101010101010101010101010101010101010101010101010101010101010101010101010101010101010101010101010101010101010101010101010101010101010101020102012313231323132313231302010201010101010101010101010101010101
10201020102010201020102010201020102010201020102010201020102010201020102010201020102010201020102010201020102010201020102010201020102010201020102010201020102010201020102010201020102010201020102010201020102010201020102010201020102010201020102010201020102010212121212231213232213221212121212120201020102010201020102010201020
01010101010101010101010101010101010101010101010101010101010101010101010101010101010101010101010101010101010101010101010101010101010101010101010101010101010101010101010101010101010101010101010101010101010101010101010101010101010101010101010101010101010101010201020102010201020102010201020101010101010101010101010101010101
20102010201020102010201020102010201020102010201020102010201020102010201020102010201020102010201020102010201020102010201020102010201020102010201020102010201020102010201020102010201020102010201020102010201020102010201020102010201020102010201020102010201020112121212121212121212121212121212120102010201020102010201020102010
01010101010101010101010101010101010101010101010101010101010101010101010101010101010101010101010101010101010101010101010101010101010101010101010101010101010101010101010101010101010101010101010101010101010101010101010101010101010101010101010101010101010101020102010201020102010201020102010201010101010101010101010101010101
10201020102010201020102010201020102010201020102010201020102010201020102010201020102010201020102010201020102010201020102010201020102010201020102010201020102010201020102010201020102010201020102010201020102010201020102010201020102010201020102010201020102010212121212121212121212121212121212120201020102010201020102010201020
01010101010101010101010101010101010101010101010101010101010101010101010101010101010101010101010101010101010101010101010101010101010101010101010101010101010101010101010101010101010101010101010101010101010101010101010101010101010101010101010101010101010101010201020102010201020102010201020101010101010101010101010101010101
20102010201020102010201020102010201020102010201020102010201020102010201020102010201020102010201020102010201020102010201020102010201020102010201020102010201020102010201020102010201020102010201020102010201020102010201020102010201020102010201020102010201020112121212121212121212121212121212120102010201020102010201020102010
01010101010101010101010101010101010101010101010101010101010101010101010101010101010101010101010101010101010101010101010101010101010101010101010101010101010101010101010101010101010101010101010101010101010101010101010101010101010101010101010101010101010101020102010201020102010201020102010201010101010101010101010101010101
10201020102010201020102010201020102010201020102010201020102010201020102010201020102010201020102010201020102010201020102010201020102010201020102010201020102010201020102010201020102010201020102010201020102010201020102010201020102010201020102010201020102010201020102010201020102010201020102010201020102010201020102010201020
01010101010101010101010101010101010101010101010101010101010101010101010101010101010101010101010101010101010101010101010101010101010101010101010101010101010101010101010101010101010101010101010101010101010101010101010101010101010101010101010101010101010101010101010101010101010101010101010101010101010101010101010101010101
20102010201020102010201020102010201020102010201020102010201020102010201020102010201020102010201020102010201020102010201020102010201020102010201020102010201020102010201020102010201020102010201020102010201020102010201020102010201020102010201020102010201020102010201020102010201020102010201020102010201020102010201020102010
01010101010101010101010101010101010101010101010101010101010101010101010101010101010101010101010101010101010101010101010101010101010101010101010101010101010101010101010101010101010101010101010101010101010101010101010101010101010101010101010101010101010101010101010101010101010101010101010101010101010101010101010101010101
10201020102010201020102010201020102010201020102010201020102010201020102010201020102010201020102010201020102010201020102010201020102010201020102010201020102010201020102010201020102010201020102010201020102010201020102010201020102010201020102010201020102010201020102010201020102010201020102010201020102010201020102010201020
01010101010101010101010101010101010101010101010101010101010101010101010101010101010101010101010101010101010101010101010101010101010101010101010101010101010101010101010101010101010101010101010101010101010101010101010101010101010101010101010101010101010101010101010101010101010101010101010101010101010101010101010101010101
20102010201020102010201020102010201020102010201020102010201020102010201020102010201020102010201020102010201020102010201020102010201020102010201020102010201020102010201020102010201020102010201020102010201020102010201020102010201020102010201020102010201020102010201020102010201020102010201020102010201020102010201020102010
01010101010101010101010101010101010101010101010101010101010101010101010101010101010101010101010101010101010101010101010101010101010101010101010101010101010101010101010101010101010101010101010101010101010101010101010101010101010101010101010101010101010101010101010101010101010101010101010101010101010101010101010101010101
10201020102010201020102010201020102010201020102010201020102010201020102010201020102010201020102010201020102010201020102010201020102010201020102010201020102010201020102010201020102010201020102010201020102010201020102010201020102010201020102010201020102010201020102010201020102010201020102010201020102010201020102010201020
01010101010101010101010101010101010101010101010101010101010101010101010101010101010101010101010101010101010101010101010101010101010101010101010101010101010101010101010101010101010101010101010101010101010101010101010101010101010101010101010101010101010101010101010101010101010101010101010101010101010101010101010101010101
20102010201020102010201020102010201020102010201020102010201020102010201020102010201020102010201020102010201020102010201020102010201020102010201020102010201020102010201020102010201020102010201020102010201020102010201020102010201020102010201020102010201020102010201020102010201020102010201020102010201020102010201020102010
01010101010101010101010101010101010101010101010101010101010101010101010101010101010101010101010101010101010101010101010101010101010101010101010101010101010101010101010101010101010101010101010101010101010101010101010101010101010101010101010101010101010101010101010101010101010101010101010101010101010101010101010101010101
10201020102010201020102010201020102010201020102010201020102010201020102010201020102010201020102010201020102010201020102010201020102010201020102010201020102010201020102010201020102010201020102010201020102010201020102010201020102010201020102010201020102010201020102010201020102010201020102010201020102010201020102010201020
01010101010101010101010101010101010101010101010101010101010101010101010101010101010101010101010101010101010101010101010101010101010101010101010101010101010101010101010101010101010101010101010101010101010101010101010101010101010101010101010101010101010101010101010101010101010101010101010101010101010101010101010101010101
20102010201020102010201020102010201020102010201020102010201020102010201020102010201020102010201020102010201020102010201020102010201020102010201020102010201020102010201020102010201020102010201020102010201020102010201020102010201020102010201020102010201020102010201020102010201020102010201020102010201020102010201020102010
01010101010101010101010101010101010101010101010101010101010101010101010101010101010101010101010101010101010101010101010101010101010101010101010101010101010101010101010101010101010101010101010101010101010101010101010101010101010101010101010101010101010101010101010101010101010101010101010101010101010101010101010101010101
10201020102010201020102010201020102010201020102010201020102010201020102010201020102010201020102010201020102010201020102010201020102010201020102010201020102010201020102010201020102010201020102010201020102010201020102010201020102010201020102010201020102010201020102010201020102010201020102010201020102010201020102010201020
01010101010101010101010101010101010101010101010101010101010101010101010101010101010101010101010101010101010101010101010101010101010101010101010101010101010101010101010101010101010101010101010101010101010101010101010101010101010101010101010101010101010101010101010101010101010101010101010101010101010101010101010101010101
20102010201020102010201020102010201020102010201020102010201020102010201020102010201020102010201020102010201020102010201020102010201020102010201020102010201020102010201020102010201020102010201020102010201020102010201020102010201020102010201020102010201020102010201020102010201020102010201020102010201020102010201020102010
